comment: Border test with all mods, 20/20
0
20
3
15
1
1
1
1
20
17.308953739241133 -9.006692285861046 3.0136329658165484 4.384909983947484 -8.380378806730597 -1.6641755716567195 2.764777502360015 -4.655845047816048 -0.26081738461316434 2.1781361372607204 -5.08011782053471 2.3912410715620482 8.576531155440836 -5.602615933546839 1.5718314955023627 1.8708389709695814 -4.212783542137529 -0.3147868614044973 0.4705476757376175 -2.883068012953796 
-9.006692285861046 18.12205911321865 -6.079288915163933 3.523531837351608 0.3748919818439631 -2.45269755925044 -9.909599049630017 5.609314660244705 -1.9255293081957523 2.480187509190926 -1.546418089927914 0.8203340702796525 -0.39438822863972745 0.7202064563197461 1.4693548292696277 1.3005593008058831 8.441510496901614 -1.394289891772118 -1.652921393438425 -8.074398840524799 
3.0136329658165484 -6.079288915163933 18.12163990600444 5.084681226511052 3.2354528392704385 3.589232156309755 -2.0276838965846005 -6.852071698236834 3.4418515144868738 -3.94688442248078 -1.8998653454119676 -2.210316162192763 -4.118802365387222 -1.5637247680239332 -7.738318053657259 1.7332872485409634 2.85034138424364 4.248503417786419 -7.965950190791011 0.09370936286914144 
4.384909983947484 3.523531837351608 5.084681226511052 24.39041066685687 -7.526512705732741 0.5793763327435357 -6.239779287837328 -0.7105135037587911 -4.50068930248911 1.5045411926007053 -1.7586000367118884 0.19149955703431798 7.380653822973136 -1.6129204558905366 -5.26781713815348 16.96838555187283 -6.0654957543960855 1.796093028192646 1.5090454502329158 -6.622466212388369 
-8.380378806730597 0.3748919818439631 3.2354528392704385 -7.526512705732741 19.938995569084955 -2.318898906078305 -5.211045539686599 -2.490273288575319 8.784961487416208 -2.704112170966528 -7.3220053569390515 -5.752427666174801 -13.774151904489358 5.635437379195692 -3.0526944782548613 -5.6597655484424685 5.192234331593247 0.040368886846187224 -4.67191508833198 1.7422759196710216 
-1.6641755716567195 -2.45269755925044 3.589232156309755 0.5793763327435357 -2.318898906078305 13.13676815116338 1.4532646528709408 -3.0152492467954994 -8.997446634746831 -6.011734273273397 6.69277256875659 -3.1208911248358704 4.707087502419299 -2.9705871634163112 -6.6196595887560274 5.485565860453442 0.5371796549058294 -1.4712238962230986 -4.50754548702648 -7.609840558781635 
2.764777502360015 -9.909599049630017 -2.0276838965846005 -6.239779287837328 -5.211045539686599 1.4532646528709408 13.386011734259258 1.5395305904535512 -8.589250476610559 -1.477420780399759 6.558885432201625 -1.3895472184189424 7.372763382436604 -2.488676043123938 2.226529743658692 -1.5214654168470674 -7.6297928458332684 -3.137850572033208 -0.8332347163008589 2.317736078096565 
-4.655845047816048 5.609314660244705 -6.852071698236834 -0.7105135037587911 -2.490273288575319 -3.0152492467954994 1.5395305904535512 18.88961740472989 -4.642131087079377 3.1435215437982222 0.8620342235419571 6.819984047270781 -1.4436084687756314 -5.026063315192146 4.615057321442092 -1.0447479679282523 4.521821883718855 -7.317750080190603 1.6026289012211061 -3.0681776862715164 
-0.26081738461316434 -1.9255293081957523 3.4418515144868738 -4.50068930248911 8.784961487416208 -8.997446634746831 -8.589250476610559 -4.642131087079377 25.443572212865636 2.424595086368874 -7.823929599663601 -1.0552079327662534 -11.001092163659342 7.332916010985772 3.2750480635875308 -2.1360295840821117 -3.795303418909108 1.5453616727144868 1.682091008159735 4.32896861407835 
2.1781361372607204 2.480187509190926 -3.94688442248078 1.5045411926007053 -2.704112170966528 -6.011734273273397 -1.477420780399759 3.1435215437982222 2.424595086368874 14.672250745985135 -1.4527327476001517 4.314728847133515 0.48584987797606005 1.680608832640603 0.11081145061677325 -2.4603173070464135 2.0204893846761833 -9.317260913476261 -0.9835822397369367 4.095729249511385 
-5.08011782053471 -1.546418089927914 -1.8998653454119676 -1.7586000367118884 -7.3220053569390515 6.69277256875659 6.558885432201625 0.8620342235419571 -7.823929599663601 -1.4527327476001517 19.881999125555243 -3.454223942498408 1.8781771293227587 -0.16162634650646204 -5.097548327879771 1.3496529862924902 -7.112680319341548 1.6103322854658542 -0.42546728350599794 2.2578048282146446 
2.3912410715620482 0.8203340702796525 -2.210316162192763 0.19149955703431798 -5.752427666174801 -3.1208911248358704 -1.3895472184189424 6.819984047270781 -1.0552079327662534 4.314728847133515 -3.454223942498408 16.08534647019624 3.8441767587794984 -7.362708697165719 4.662278816794939 -5.149866240982565 7.537709639242248 -4.412107831511316 -1.1194361790756928 1.2064643301811828 
8.576531155440836 -0.39438822863972745 -4.118802365387222 7.380653822973136 -13.774151904489358 4.707087502419299 7.372763382436604 -1.4436084687756314 -11.001092163659342 0.48584987797606005 1.8781771293227587 3.8441767587794984 30.036052981255768 -6.249317276964339 2.703422621588413 6.988027740552625 -3.693545753225864 0.15944119323845163 2.764241709656165 -4.614088651439106 
-5.602615933546839 0.7202064563197461 -1.5637247680239332 -1.6129204558905366 5.635437379195692 -2.9705871634163112 -2.488676043123938 -5.026063315192146 7.332916010985772 1.680608832640603 -0.16162634650646204 -7.362708697165719 -6.249317276964339 15.84418809071515 -1.4741561321489287 0.9127853270950375 -9.070134030628592 -4.680543117015911 -0.5508928618257847 2.9298926661850473 
1.5718314955023627 1.4693548292696277 -7.738318053657259 -5.26781713815348 -3.0526944782548613 -6.6196595887560274 2.226529743658692 4.615057321442092 3.2750480635875308 0.11081145061677325 -5.097548327879771 4.662278816794939 2.703422621588413 -1.4741561321489287 21.884734094372742 -6.207450050286541 -1.7074832105004867 -3.5608529470725703 0.37044515573545067 -4.295613443797093 
1.8708389709695814 1.3005593008058831 1.7332872485409634 16.96838555187283 -5.6597655484424685 5.485565860453442 -1.5214654168470674 -1.0447479679282523 -2.1360295840821117 -2.4603173070464135 1.3496529862924902 -5.149866240982565 6.988027740552625 0.9127853270950375 -6.207450050286541 21.294085316629154 -10.756138676613139 2.184742470167444 6.061709533740592 -6.050751888158124 
-4.212783542137529 8.441510496901614 2.85034138424364 -6.0654957543960855 5.192234331593247 0.5371796549058294 -7.6297928458332684 4.521821883718855 -3.795303418909108 2.0204893846761833 -7.112680319341548 7.537709639242248 -3.693545753225864 -9.070134030628592 -1.7074832105004867 -10.756138676613139 29.32035704554378 -0.39312342753785695 -10.996835204365725 -2.4726305458740896 
-0.3147868614044973 -1.394289891772118 4.248503417786419 1.796093028192646 0.040368886846187224 -1.4712238962230986 -3.137850572033208 -7.317750080190603 1.5453616727144868 -9.317260913476261 1.6103322854658542 -4.412107831511316 0.15944119323845163 -4.680543117015911 -3.5608529470725703 2.184742470167444 -0.39312342753785695 21.555934846067885 -0.006954014959705823 -3.7427109439065553 
0.4705476757376175 -1.652921393438425 -7.965950190791011 1.5090454502329158 -4.67191508833198 -4.50754548702648 -0.8332347163008589 1.6026289012211061 1.682091008159735 -0.9835822397369367 -0.42546728350599794 -1.1194361790756928 2.764241709656165 -0.5508928618257847 0.37044515573545067 6.061709533740592 -10.996835204365725 -0.006954014959705823 8.647943467613414 -4.031068170679008 
-2.883068012953796 -8.074398840524799 0.09370936286914144 -6.622466212388369 1.7422759196710216 -7.609840558781635 2.317736078096565 -3.0681776862715164 4.32896861407835 4.095729249511385 2.2578048282146446 1.2064643301811828 -4.614088651439106 2.9298926661850473 -4.295613443797093 -6.050751888158124 -2.4726305458740896 -3.7427109439065553 -4.031068170679008 15.68876800011845 
20
17.843573031018114 2.149788257102245 -1.0176534895451883 -3.1867120726874827 4.9147979292458945 -4.389086183696536 6.612290049461797 -7.22319067694887 -3.8415110402553427 1.107482097280156 4.579749041028169 -1.834498197902993 -6.06383200065001 -0.9378082363184841 -1.4858343143888146 5.31859434021946 -4.083152942588966 1.7753785303046983 -3.335922098712354 -10.676972243570862 
2.149788257102245 19.475692019384255 -2.6389580940367017 2.338562665557787 -0.31716190929553617 -0.6693394363319305 -4.121436957759234 2.849558761979252 3.407234704031623 -2.452231191310044 1.0451324630088965 -5.867280378224221 -0.45457229018253165 -7.958179344746623 -1.8123850772432362 0.5632698777361687 2.3793490978978586 -1.6973401356810187 3.9820923008330897 -5.63834955742072 
-1.0176534895451883 -2.6389580940367017 14.335096808499868 2.471431864570606 4.6960187709132475 3.837875732255769 6.040761807841793 4.639016053120563 -7.016634115298721 -3.3733089913680923 2.684859783446942 -2.926190693375369 -5.735375642995459 2.3497736213960727 7.981892175351291 0.5655230874468249 4.035740334277351 -4.785044909189826 -7.127126681643404 -4.127224370451275 
-3.1867120726874827 2.338562665557787 2.471431864570606 14.002793687406145 -0.795024030162074 1.7609243684498714 1.6747621390259573 1.592907898620826 1.7281683953883364 -0.41096737223525603 0.09403525604117158 2.7795098655284862 -3.7187598162980424 -5.965025965233112 -3.0604030656655183 -3.9113933653779505 5.18009221059604 2.2534678585011703 -1.7315775205071224 -2.0765907453821373 
4.9147979292458945 -0.31716190929553617 4.6960187709132475 -0.795024030162074 18.971951410090206 6.722647095687742 -0.9171181402412871 -2.9606979905148747 -1.239789813640563 1.2442670195302354 8.230058304359195 -1.0732684894331108 -5.93598659513543 4.389548667806704 -4.942739988541469 -0.1768975930609129 0.4928004693535611 -0.3741502961165116 -1.581782953930477 -0.2685234463899988 
-4.389086183696536 -0.6693394363319305 3.837875732255769 1.7609243684498714 6.722647095687742 19.229265538707523 0.9681477184066837 6.7805356854623 -3.454174089199111 -1.8417524521660307 7.265614210008873 -4.596924647494553 7.943884671695544 -0.1466024124530212 1.4065469689194354 -11.881055811529711 1.8339755286739858 1.204911907508099 -3.1862743120845685 -0.2552572371478294 
6.612290049461797 -4.121436957759234 6.040761807841793 1.6747621390259573 -0.9171181402412871 0.9681477184066837 21.664428930894143 0.7720429735585277 -4.848826794806435 1.47797649676321 3.2390245680892313 3.507686938302912 -2.5999580479853357 -5.962601325103603 -2.0351100261855364 -0.8236666578582686 5.4600822191222536 -2.560457777801479 -4.967598225059955 -7.9280809277932285 
-7.22319067694887 2.849558761979252 4.639016053120563 1.592907898620826 -2.9606979905148747 6.7805356854623 0.7720429735585277 30.15583720848037 6.721581255338417 -5.49208166886999 -4.35482968427046 -8.68373791371256 4.555375737700723 0.875331807724669 3.3507003765006513 -7.729855582557237 -0.4690400676083274 4.846235620641085 1.7044214734013545 -9.73258117814599 
-3.8415110402553427 3.407234704031623 -7.016634115298721 1.7281683953883364 -1.239789813640563 -3.454174089199111 -4.848826794806435 6.721581255338417 32.40357761292731 -5.589789802029416 -7.0171494367135905 -0.03096499378152051 -7.472547168524428 2.0559836305352355 -12.664465736641073 -4.611649856522239 -4.342041606744364 2.8323589043086477 1.8583513807024055 -2.515283426597985 
1.107482097280156 -2.452231191310044 -3.3733089913680923 -0.41096737223525603 1.2442670195302354 -1.8417524521660307 1.47797649676321 -5.49208166886999 -5.589789802029416 21.468774503327957 0.2156259973592245 4.785020455042593 -2.142939372234805 -13.690463925218356 -2.656825612773047 2.494632768554447 -1.743709256297448 0.9883375337385636 -2.193583189875872 10.230365112251219 
4.579749041028169 1.0451324630088965 2.684859783446942 0.09403525604117158 8.230058304359195 7.265614210008873 3.2390245680892313 -4.35482968427046 -7.0171494367135905 0.2156259973592245 11.314199594998726 -2.575866994108379 1.6981728871973107 -1.4164937209350725 -0.8050540970430624 -1.4152991331765414 -0.24585742638133928 0.6614538880161817 -7.330987871834252 -2.9688824132109914 
-1.834498197902993 -5.867280378224221 -2.926190693375369 2.7795098655284862 -1.0732684894331108 -4.596924647494553 3.507686938302912 -8.68373791371256 -0.03096499378152051 4.785020455042593 -2.575866994108379 14.734982955396044 -5.239009714166163 -3.884830323345493 -9.596945015801438 7.4081558071903775 6.084561490575575 -3.90906547009153 -1.6677908189220594 8.487572938917468 
-6.06383200065001 -0.45457229018253165 -5.735375642995459 -3.7187598162980424 -5.93598659513543 7.943884671695544 -2.5999580479853357 4.555375737700723 -7.472547168524428 -2.142939372234805 1.6981728871973107 -5.239009714166163 16.94944350772199 -3.3887600248269765 0.18015735663730847 -7.293606322446987 2.5443318086630797 4.061874587641809 -1.589854831143136 0.43209972619757187 
-0.9378082363184841 -7.958179344746623 2.3497736213960727 -5.965025965233112 4.389548667806704 -0.1466024124530212 -5.962601325103603 0.875331807724669 2.0559836305352355 -13.690463925218356 -1.4164937209350725 -3.884830323345493 -3.3887600248269765 27.001529948119718 1.6557824383538617 -2.199224760186521 -4.582513424053487 0.9149629608151022 -4.017571566860972 -6.9598760533255515 
-1.4858343143888146 -1.8123850772432362 7.981892175351291 -3.0604030656655183 -4.942739988541469 1.4065469689194354 -2.0351100261855364 3.3507003765006513 -12.664465736641073 -2.656825612773047 -0.8050540970430624 -9.596945015801438 0.18015735663730847 1.6557824383538617 20.05850317069299 0.48739988731113504 -3.3440310916715785 2.0269321477154967 -8.091418445196958 -5.514836537998262 
5.31859434021946 0.5632698777361687 0.5655230874468249 -3.9113933653779505 -0.1768975930609129 -11.881055811529711 -0.8236666578582686 -7.729855582557237 -4.611649856522239 2.494632768554447 -1.4152991331765414 7.4081558071903775 -7.293606322446987 -2.199224760186521 0.48739988731113504 19.712685790992015 2.3805189950809837 -6.42878896838729 2.0790973998758893 8.5192776855981 
-4.083152942588966 2.3793490978978586 4.035740334277351 5.18009221059604 0.4928004693535611 1.8339755286739858 5.4600822191222536 -0.4690400676083274 -4.342041606744364 -1.743709256297448 -0.24585742638133928 6.084561490575575 2.5443318086630797 -4.582513424053487 -3.3440310916715785 2.3805189950809837 19.671131120753248 -2.5758187490802738 -2.428629601926316 5.02391004558551 
1.7753785303046983 -1.6973401356810187 -4.785044909189826 2.2534678585011703 -0.3741502961165116 1.204911907508099 -2.560457777801479 4.846235620641085 2.8323589043086477 0.9883375337385636 0.6614538880161817 -3.90906547009153 4.061874587641809 0.9149629608151022 2.0269321477154967 -6.42878896838729 -2.5758187490802738 16.245539895026262 -3.6588185865476155 -5.1635344295531835 
-3.335922098712354 3.9820923008330897 -7.127126681643404 -1.7315775205071224 -1.581782953930477 -3.1862743120845685 -4.967598225059955 1.7044214734013545 1.8583513807024055 -2.193583189875872 -7.330987871834252 -1.6677908189220594 -1.589854831143136 -4.017571566860972 -8.091418445196958 2.0790973998758893 -2.428629601926316 -3.6588185865476155 12.165621604096765 2.817371874236281 
-10.676972243570862 -5.63834955742072 -4.127224370451275 -2.0765907453821373 -0.2685234463899988 -0.2552572371478294 -7.9280809277932285 -9.73258117814599 -2.515283426597985 10.230365112251219 -2.9688824132109914 8.487572938917468 0.43209972619757187 -6.9598760533255515 -5.514836537998262 8.5192776855981 5.02391004558551 -5.1635344295531835 2.817371874236281 33.87508214278763 
20
8.440859952230252 -2.757594715795023 0.7869715077625715 -2.5420126168794335 -0.1037698976434136 1.5098241042424692 -1.8761939647239343 -0.3205154918660372 -2.2315253709017906 1.87876249442497 -3.2637157967400237 0.48092102591501584 1.0742952942851844 -3.2062710864931403 0.2543357129456435 -3.270426705608555 -0.3595455755498076 1.8923768917196793 -5.321380843289695 1.0486592149284029 
-2.757594715795023 22.924820668033675 -3.2981862014290404 3.498735187785344 -3.320131454620329 -0.9101450651000247 -1.8816457246798013 -6.722139835034028 2.9474115980162074 -2.8976705594845473 -0.44097482736865196 2.9054382037412085 -1.7964265812421218 -1.3166296635782127 -5.6840223963790155 -2.2828903940427567 5.067557700157197 -8.578874588682668 4.761046441107994 -1.6220770672610096 
0.7869715077625715 -3.2981862014290404 19.783012917510938 -3.6325924285667077 -2.015071904723714 -6.475469763723853 2.2993120692651567 1.6867300263587761 -1.8669805514861872 2.6306712855720042 1.514050177472627 2.2332452610077342 -1.816499482145546 9.964446044101763 -1.4280553322618377 -4.843216171507518 1.212812297904893 -1.4173860403009377 -4.639125293848616 4.52732776038965 
-2.5420126168794335 3.498735187785344 -3.6325924285667077 31.151818301054973 -3.581866234594326 1.3248449443727144 5.465413610576378 -5.620393081422375 -2.9259351108053 -3.2573505407092918 -2.5377462080121482 -14.444408484119478 3.051516623874848 -3.1424565059888643 -2.6526772899168423 -3.257895038325149 -3.593105896259462 -4.791679716399412 -0.2833760545623867 -8.10608026193804 
-0.1037698976434136 -3.320131454620329 -2.015071904723714 -3.581866234594326 11.979100858391444 6.206133752064685 2.271778858172487 -5.668923862788408 -6.569307717338006 -1.050537530857265 -2.6221289175816387 4.734190722806297 1.119983131164723 1.586620042154907 1.2283723416699033 0.29073280478748 -1.6780157257941957 4.8514788395755115 -5.780716965203606 7.062557867452547 
1.5098241042424692 -0.9101450651000247 -6.475469763723853 1.3248449443727144 6.206133752064685 26.021276820235993 -6.079251423367435 0.03757015037372602 -5.432566803731377 -4.24307774836172 -7.732968783304878 0.38768678442365667 6.400782198032635 5.267200411201938 1.1510304684826074 -0.5618989588038078 -3.3669616190666725 0.43829993364093445 -2.069644790396711 0.2793717120178153 
-1.8761939647239343 -1.8816457246798013 2.2993120692651567 5.465413610576378 2.271778858172487 -6.079251423367435 8.618495631971115 -8.060775996517012 -1.4508315981308866 -0.8979121707884254 0.5608653950807281 -1.2097792885896879 -0.4014208012637842 -3.4220072736829446 1.0794548273982683 1.6922936115342364 -0.6635616920920422 -1.6736435973585169 -3.3132795084845603 -0.7269283542499372 
-0.3205154918660372 -6.722139835034028 1.6867300263587761 -5.620393081422375 -5.668923862788408 0.03757015037372602 -8.060775996517012 15.535316972929033 3.7660190323555187 -2.283779825128301 -5.838266228767117 -6.828489233988794 -0.9236472186354869 -1.2025144542248851 -0.4807804204815568 -3.5499199536257215 0.5694797813768433 -0.2460640850065876 2.994756710910198 1.278367631152713 
-2.2315253709017906 2.9474115980162074 -1.8669805514861872 -2.9259351108053 -6.569307717338006 -5.432566803731377 -1.4508315981308866 3.7660190323555187 14.689623152386275 2.1590513782495755 -6.3680112903118316 0.08949733155967865 0.6451182944454394 -5.652288689512108 -1.778408202625557 -0.6848239273298571 6.9922949130627465 -5.915632284251284 5.2744292278073655 0.8797840724072464 
1.87876249442497 -2.8976705594845473 2.6306712855720042 -3.2573505407092918 -1.050537530857265 -4.24307774836172 -0.8979121707884254 -2.283779825128301 2.1590513782495755 15.979159783269742 1.541507934552616 3.556980729031784 -4.2237587220385375 -0.8258620195524367 4.705869259373464 -7.347934193731734 -3.566032835297075 6.29149149155712 2.2863229593334595 0.514838785605126 
-3.2637157967400237 -0.44097482736865196 1.514050177472627 -2.5377462080121482 -2.6221289175816387 -7.732968783304878 0.5608653950807281 -5.838266228767117 -6.3680112903118316 1.541507934552616 19.8296783067298 -2.4719568513634345 -4.097617132316228 -3.612019650207804 7.829761844228064 0.6620814047458399 -4.067362453714794 5.552513648110366 -3.9891463905078757 -2.5249463062547695 
0.48092102591501584 2.9054382037412085 2.2332452610077342 -14.444408484119478 4.734190722806297 0.38768678442365667 -1.2097792885896879 -6.828489233988794 0.08949733155967865 3.556980729031784 -2.4719568513634345 16.900393820282126 -0.6290692196002915 5.029413112446639 -0.884903523974317 0.06816703642288946 1.1598970468817942 0.1485559038764409 -6.117643487242348 3.018311957144138 
1.0742952942851844 -1.7964265812421218 -1.816499482145546 3.051516623874848 1.119983131164723 6.400782198032635 -0.4014208012637842 -0.9236472186354869 0.6451182944454394 -4.2237587220385375 -4.097617132316228 -0.6290692196002915 17.19705648198214 -5.2774409587675315 -4.533730982133949 -0.5220515150093099 -0.5185522307114959 0.7333719868471281 -5.743671460870705 5.97006614811216 
-3.2062710864931403 -1.3166296635782127 9.964446044101763 -3.1424565059888643 1.586620042154907 5.267200411201938 -3.4220072736829446 -1.2025144542248851 -5.652288689512108 -0.8258620195524367 -3.612019650207804 5.029413112446639 -5.2774409587675315 24.515469046353683 -4.802087013778387 -4.672483150268142 -3.3854066624608903 -0.9469382230471949 -3.124592652093098 -5.146798340221667 
0.2543357129456435 -5.6840223963790155 -1.4280553322618377 -2.6526772899168423 1.2283723416699033 1.1510304684826074 1.0794548273982683 -0.4807804204815568 -1.778408202625557 4.705869259373464 7.829761844228064 -0.884903523974317 -4.533730982133949 -4.802087013778387 19.411916275841428 -0.4303429291638311 -4.272671123366378 5.1962208535088195 4.876930038588682 0.1814924859028772 
-3.270426705608555 -2.2828903940427567 -4.843216171507518 -3.257895038325149 0.29073280478748 -0.5618989588038078 1.6922936115342364 -3.5499199536257215 -0.6848239273298571 -7.347934193731734 0.6620814047458399 0.06816703642288946 -0.5220515150093099 -4.672483150268142 -0.4303429291638311 14.192980066632579 3.8502183218053556 -5.218178156866724 -9.255938856833751 -0.565234894162054 
-0.3595455755498076 5.067557700157197 1.212812297904893 -3.593105896259462 -1.6780157257941957 -3.3669616190666725 -0.6635616920920422 0.5694797813768433 6.9922949130627465 -3.566032835297075 -4.067362453714794 1.1598970468817942 -0.5185522307114959 -3.3854066624608903 -4.272671123366378 3.8502183218053556 13.54818405997235 -4.470983581746254 -5.327007014132658 7.668850783246789 
1.8923768917196793 -8.578874588682668 -1.4173860403009377 -4.791679716399412 4.8514788395755115 0.43829993364093445 -1.6736435973585169 -0.2460640850065876 -5.915632284251284 6.29149149155712 5.552513648110366 0.1485559038764409 0.7333719868471281 -0.9469382230471949 5.1962208535088195 -5.218178156866724 -4.470983581746254 14.981196470646603 -1.464227600156264 2.5291100282748324 
-5.321380843289695 4.761046441107994 -4.639125293848616 -0.2833760545623867 -5.780716965203606 -2.069644790396711 -3.3132795084845603 2.994756710910198 5.2744292278073655 2.2863229593334595 -3.9891463905078757 -6.117643487242348 -5.743671460870705 -3.124592652093098 4.876930038588682 -9.255938856833751 -5.327007014132658 -1.464227600156264 20.818295656436646 -7.523218283503252 
1.0486592149284029 -1.6220770672610096 4.52732776038965 -8.10608026193804 7.062557867452547 0.2793717120178153 -0.7269283542499372 1.278367631152713 0.8797840724072464 0.514838785605126 -2.5249463062547695 3.018311957144138 5.97006614811216 -5.146798340221667 0.1814924859028772 -0.565234894162054 7.668850783246789 2.5291100282748324 -7.523218283503252 23.032003328406695 
20
37.450446512230656 1.162270623693372 7.945456149465536 -0.39657610060876824 -2.028541892799796 0.48313237300036116 3.688111207184111 5.330809153418888 -1.7153963008481536 -9.517670600266332 -9.821218345255176 5.3914025503235115 1.4684364477735392 7.866844396682409 0.45485505915366464 4.208170555765499 6.1177924971648325 -5.284978650277325 -4.734989647606529 2.8809354913887346 
1.162270623693372 16.273600348538782 1.5697494553410878 -12.03696448173889 -3.8817842496891197 1.1658506650915017 -0.4643940180979754 -2.5031838224757488 -6.372960736128622 3.5378565694744712 3.9262155728727577 3.3827525164449233 -1.3213664541375345 -3.18427933863354 -1.4402392092148704 2.800253961307085 2.5585714109249738 3.3218053975501043 -2.2581863309464447 -3.4192031728517165 
7.945456149465536 1.5697494553410878 23.91784253175135 -3.1337999403850008 -0.4455369493070628 -2.8265292505115256 0.08008132271404475 3.4182146568020606 -2.5694426826772947 2.483220961831302 3.7785655702432583 -2.8351850928239895 3.432837959915344 4.460988310676028 4.183212359800055 -4.109683304340827 -3.783601482548221 -1.4545305664302304 2.186439553229217 1.9466514351906046 
-0.39657610060876824 -12.03696448173889 -3.1337999403850008 31.851484803229173 -3.5242695525274788 9.291503272212108 2.1224133156511273 -4.805945488949545 3.8561389553028245 -12.69932730753317 0.8536482994823712 -2.0925387512304474 -0.6872853764037719 2.8980522802879993 4.88926634017032 1.0618752092794486 -3.469971635161235 -0.8696622372895022 6.7451664618246605 3.0024324108655045 
-2.028541892799796 -3.8817842496891197 -0.4455369493070628 -3.5242695525274788 9.533497069121902 -6.493791920188725 -4.242863115834765 -1.497783644910919 1.1488572954794172 -2.006172931279017 -2.8533381687773356 -0.9485673776443961 -2.0686643370235647 3.177236166115337 0.9627996870116935 -2.49511908062324 -4.875278076973832 -1.7370171894091355 0.029308778023146687 -2.1016353028756156 
0.48313237300036116 1.1658506650915017 -2.8265292505115256 9.291503272212108 -6.493791920188725 21.9867005475176 1.8368912447164893 -10.523025519044252 3.5137333443517442 1.385491721756053 -1.6048658669474674 1.245010724884449 -4.338157521182869 -1.179663160836359 -4.308144167605238 2.140160219327926 4.430452464552119 2.6041017427794646 1.0804494104095084 -5.910395243488111 
3.688111207184111 -0.4643940180979754 0.08008132271404475 2.1224133156511273 -4.242863115834765 1.8368912447164893 14.6688842469911 -4.430049316113199 1.6025428695948523 -0.5115348700362408 -6.718841888586807 2.470034021770599 -2.9651987481609505 -1.4300257742706346 0.16946271893080722 4.444056904468134 -6.189770860699693 3.176501283158971 4.223187944820554 -8.95193367048744 
5.330809153418888 -2.5031838224757488 3.4182146568020606 -4.805945488949545 -1.497783644910919 -10.523025519044252 -4.430049316113199 12.685607811197508 -2.7484097485439656 -6.556356798163835 0.519694533288132 -2.985778486114403 0.42536741567505987 1.4497809056745408 4.5539035003784205 1.2388765986801131 -0.9753049580277413 -4.365419192283036 -4.858381313578081 11.023929781902789 
-1.7153963008481536 -6.372960736128622 -2.5694426826772947 3.8561389553028245 1.1488572954794172 3.5137333443517442 1.6025428695948523 -2.7484097485439656 17.712674824651412 4.168312756023087 3.110649874285386 4.624126276242306 -2.1945621413881646 3.3649693115088994 -1.9636065402916563 6.018487901272727 -2.398407488124824 -6.12950854906932 -0.3050558806491721 0.9759417000100252 
-9.517670600266332 3.5378565694744712 2.483220961831302 -12.69932730753317 -2.006172931279017 1.385491721756053 -0.5115348700362408 -6.556356798163835 4.168312756023087 29.076555224275086 -2.081551696208865 2.97455307417333 -1.4936044122059893 -1.2892441680110567 -7.573952014927731 4.383260834540319 -5.719420483828372 2.216498788723656 -2.4436166720420616 -8.125893582293825 
-9.821218345255176 3.9262155728727577 3.7785655702432583 0.8536482994823712 -2.8533381687773356 -1.6048658669474674 -6.718841888586807 0.519694533288132 3.110649874285386 -2.081551696208865 25.10659811881755 -1.152854081514882 4.092723731038709 -2.17564349344857 2.6122518146436957 1.001112769538817 6.8294826676265314 -7.239926961203494 1.9133089514042334 3.96000303814012 
5.3914025503235115 3.3827525164449233 -2.8351850928239895 -2.0925387512304474 -0.9485673776443961 1.245010724884449 2.470034021770599 -2.985778486114403 4.624126276242306 2.97455307417333 -1.152854081514882 16.733477127261363 -0.9647077026218125 -3.4569787976950246 -1.9936785983928305 2.532822699763826 2.182950771965852 -2.0808612582944925 -1.9392913785159327 -3.533447485587928 
1.4684364477735392 -1.3213664541375345 3.432837959915344 -0.6872853764037719 -2.0686643370235647 -4.338157521182869 -2.9651987481609505 0.42536741567505987 -2.1945621413881646 -1.4936044122059893 4.092723731038709 -0.9647077026218125 6.40011838964286 -4.658798018804099 -1.0451684817422027 -0.16181577523628976 0.7012281634240813 -2.283551109746535 -0.40188622894518333 -1.7159838265574776 
7.866844396682409 -3.18427933863354 4.460988310676028 2.8980522802879993 3.177236166115337 -1.179663160836359 -1.4300257742706346 1.4497809056745408 3.3649693115088994 -1.2892441680110567 -2.17564349344857 -3.4569787976950246 -4.658798018804099 18.66886499241541 1.4460105840567885 1.721175834979697 -8.236056902462195 -2.1697823600682042 -0.7254976631833143 7.300992112271297 
0.45485505915366464 -1.4402392092148704 4.183212359800055 4.88926634017032 0.9627996870116935 -4.308144167605238 0.16946271893080722 4.5539035003784205 -1.9636065402916563 -7.573952014927731 2.6122518146436957 -1.9936785983928305 -1.0451684817422027 1.4460105840567885 11.400862612798992 0.9091365729781423 -0.06851353328175552 -1.4840869640205554 3.055621617032381 2.783325520727603 
4.208170555765499 2.800253961307085 -4.109683304340827 1.0618752092794486 -2.49511908062324 2.140160219327926 4.444056904468134 1.2388765986801131 6.018487901272727 4.383260834540319 1.001112769538817 2.532822699763826 -0.16181577523628976 1.721175834979697 0.9091365729781423 15.148933708187217 -3.7656097868170657 1.944826370239697 4.648272370995186 2.297343540288653 
6.1177924971648325 2.5585714109249738 -3.783601482548221 -3.469971635161235 -4.875278076973832 4.430452464552119 -6.189770860699693 -0.9753049580277413 -2.398407488124824 -5.719420483828372 6.8294826676265314 2.182950771965852 0.7012281634240813 -8.236056902462195 -0.06851353328175552 -3.7656097868170657 24.514576255776156 -8.322302713036345 -10.139000916402654 -1.31983527578304 
-5.284978650277325 3.3218053975501043 -1.4545305664302304 -0.8696622372895022 -1.7370171894091355 2.6041017427794646 3.176501283158971 -4.365419192283036 -6.12950854906932 2.216498788723656 -7.239926961203494 -2.0808612582944925 -2.283551109746535 -2.1697823600682042 -1.4840869640205554 1.944826370239697 -8.322302713036345 12.34786638172488 4.596219545609857 -6.835167070561129 
-4.734989647606529 -2.2581863309464447 2.186439553229217 6.7451664618246605 0.029308778023146687 1.0804494104095084 4.223187944820554 -4.858381313578081 -0.3050558806491721 -2.4436166720420616 1.9133089514042334 -1.9392913785159327 -0.40188622894518333 -0.7254976631833143 3.055621617032381 4.648272370995186 -10.139000916402654 4.596219545609857 13.397595607341206 -6.492955342597077 
2.8809354913887346 -3.4192031728517165 1.9466514351906046 3.0024324108655045 -2.1016353028756156 -5.910395243488111 -8.95193367048744 11.023929781902789 0.9759417000100252 -8.125893582293825 3.96000303814012 -3.533447485587928 -1.7159838265574776 7.300992112271297 2.783325520727603 2.297343540288653 -1.31983527578304 -6.835167070561129 -6.492955342597077 20.462046440051527 
20
26.24251651718982 -9.998723275814973 2.108916652572213 3.1357164130993587 -1.4314516491966176 -4.623302289809128 2.785440887935585 -4.233867195204139 4.9953379124753585 -11.347589408291576 -4.446449090889744 -2.9928446623811027 -4.7970970998813725 4.93824693230176 0.9437313125980366 -2.0984737727796077 -9.046086562874494 -9.735442722455943 -1.9322117087544957 -11.572700158997703 
-9.998723275814973 16.91728516526329 -2.716469113461743 0.9608647002097409 -0.9649522552124286 -0.5863466514169275 -2.8941929575301923 3.5490667234731763 0.5950288404641251 -2.316953247944845 1.3308953958620786 0.8211166960709908 -4.103932760605306 -1.132257000841691 0.42944381271801574 5.838261825678643 0.850511115565859 2.781237731636483 -4.889515665352635 2.2610598991750903 
2.108916652572213 -2.716469113461743 7.918741350177284 0.2920724818191328 0.5736826611477677 1.3260160322661785 -2.8862274162717547 -0.9033182359682862 1.671814885441995 -1.945795017167506 -1.53055846029483 -4.105197955967169 1.4638172745779834 1.994219148020018 0.5903821643110112 3.498685211375582 0.6569392255609945 -3.7962036337364333 -4.534222012305411 -0.12080437118211318 
3.1357164130993587 0.9608647002097409 0.2920724818191328 12.36209940758706 -3.792598097301801 -6.4416016713913224 -0.49325526045855517 1.0659729625132282 2.9617677118585353 -1.7533241578996037 -1.9828325907897226 8.46997335047813 3.0517419377444566 0.12534431298004572 -4.833146062305007 4.254235153473613 4.510236303794861 2.294125074260114 -4.9645498148732 -2.5293035467311022 
-1.4314516491966176 -0.9649522552124286 0.5736826611477677 -3.792598097301801 30.346988614069105 -8.07073659288928 -2.421128668545964 -1.4144081696594324 -2.2439834242938423 3.629582936215981 1.3415644050847408 -16.51772194566332 -0.6560218562596063 5.236000731502047 2.3198979804641717 2.4036241672478806 -3.8031950492317237 -4.380574999724488 -7.4100989762932485 -0.18835716017470983 
-4.623302289809128 -0.5863466514169275 1.3260160322661785 -6.4416016713913224 -8.07073659288928 14.728061281945175 3.185313193795043 -1.6209064430649396 -3.4644592161584042 1.1632679367329757 -0.7762350887019702 3.439531094557813 -4.5558879665046215 -7.164481341784324 1.5648617102482494 -5.5702263083102155 -4.778609629343056 -3.6382298694024624 5.238222180778049 2.597385057793339 
2.785440887935585 -2.8941929575301923 -2.8862274162717547 -0.49325526045855517 -2.421128668545964 3.185313193795043 14.152583430131852 -1.3396043178510402 0.19629850455603515 3.4201655969385567 -5.203526533167541 3.3625436348892412 0.988349621249009 -3.3264475488240213 -4.822151457406199 -2.8944991332309176 -6.791851425833663 -1.5532539889972732 6.614237675318477 -6.439762228755787 
-4.233867195204139 3.5490667234731763 -0.9033182359682862 1.0659729625132282 -1.4144081696594324 -1.6209064430649396 -1.3396043178510402 21.773329052843874 11.098141149876664 -2.008624034016981 -0.77058838067902 -5.014082841341609 -2.877709839328263 -0.8993556191522527 3.6574549440512314 8.784624941534329 -0.9142671192227769 -3.320373830271703 -4.239548179228828 -2.6153281071551726 
4.9953379124753585 0.5950288404641251 1.671814885441995 2.9617677118585353 -2.2439834242938423 -3.4644592161584042 0.19629850455603515 11.098141149876664 15.723283706799396 -3.5832105834944903 -2.0534665957342932 -2.067831760482774 -8.295124105321367 3.478268335863528 3.1774611484345328 7.353109113578358 -3.8650981870189867 -1.5194408287688534 -8.265474388045126 -4.61015230297763 
-11.347589408291576 -2.316953247944845 -1.945795017167506 -1.7533241578996037 3.629582936215981 1.1632679367329757 3.4201655969385567 -2.008624034016981 -3.5832105834944903 13.285744760626324 1.9213524695536373 0.736940907523453 5.804258468363757 -0.8165912383044979 -3.23836892322821 -4.049342597299987 0.5628354672269837 7.7357318821663945 5.052303023796457 -0.3041972465991626 
-4.446449090889744 1.3308953958620786 -1.53055846029483 -1.9828325907897226 1.3415644050847408 -0.7762350887019702 -5.203526533167541 -0.77058838067902 -2.0534665957342932 1.9213524695536373 10.037370121537862 -4.532872644907869 0.22662361945652265 -0.9708427192022151 4.2778911903922845 -3.7771771454986633 2.1132858844306406 6.141364761412512 -0.028241165884860475 6.407510443485565 
-2.9928446623811027 0.8211166960709908 -4.105197955967169 8.46997335047813 -16.51772194566332 3.439531094557813 3.3625436348892412 -5.014082841341609 -2.067831760482774 0.736940907523453 -4.532872644907869 19.990804947728506 -0.48681196880367844 -4.684653407833385 -6.587521963806844 -5.969259986832307 -0.005335585673789334 5.747199934378582 -1.6215191755542997 -2.7898662738907145 
-4.7970970998813725 -4.103932760605306 1.4638172745779834 3.0517419377444566 -0.6560218562596063 -4.5558879665046215 0.988349621249009 -2.877709839328263 -8.295124105321367 5.804258468363757 0.22662361945652265 -0.48681196880367844 23.291711569377597 3.7741597492722567 -6.846074546712819 -2.932412910692135 9.802051199454631 3.1409781789313507 5.499749098915617 -1.4239260144870094 
4.93824693230176 -1.132257000841691 1.994219148020018 0.12534431298004572 5.236000731502047 -7.164481341784324 -3.3264475488240213 -0.8993556191522527 3.478268335863528 -0.8165912383044979 -0.9708427192022151 -4.684653407833385 3.7741597492722567 22.24280638245658 -2.3327881361653997 1.0273493966148701 8.228047109585823 0.6349858474719599 -2.020379911219263 -2.4609364959601847 
0.9437313125980366 0.42944381271801574 0.5903821643110112 -4.833146062305007 2.3198979804641717 1.5648617102482494 -4.822151457406199 3.6574549440512314 3.1774611484345328 -3.23836892322821 4.2778911903922845 -6.587521963806844 -6.846074546712819 -2.3327881361653997 12.50149042502109 4.047586991105662 -0.6258213560484498 0.21954047528106646 -3.585554839571295 5.810663554686963 
-2.0984737727796077 5.838261825678643 3.498685211375582 4.254235153473613 2.4036241672478806 -5.5702263083102155 -2.8944991332309176 8.784624941534329 7.353109113578358 -4.049342597299987 -3.7771771454986633 -5.969259986832307 -2.932412910692135 1.0273493966148701 4.047586991105662 23.883578807904062 5.847324668733075 -5.363662574537924 -9.971230114696152 0.222801298066758 
-9.046086562874494 0.850511115565859 0.6569392255609945 4.510236303794861 -3.8031950492317237 -4.778609629343056 -6.791851425833663 -0.9142671192227769 -3.8650981870189867 0.5628354672269837 2.1132858844306406 -0.005335585673789334 9.802051199454631 8.228047109585823 -0.6258213560484498 5.847324668733075 20.56348435102834 1.4451662793000046 -5.43150738968119 7.219199727121942 
-9.735442722455943 2.781237731636483 -3.7962036337364333 2.294125074260114 -4.380574999724488 -3.6382298694024624 -1.5532539889972732 -3.320373830271703 -1.5194408287688534 7.7357318821663945 6.141364761412512 5.747199934378582 3.1409781789313507 0.6349858474719599 0.21954047528106646 -5.363662574537924 1.4451662793000046 18.53686661399042 -0.5081885216990427 4.038710837794511 
-1.9322117087544957 -4.889515665352635 -4.534222012305411 -4.9645498148732 -7.4100989762932485 5.238222180778049 6.614237675318477 -4.239548179228828 -8.265474388045126 5.052303023796457 -0.028241165884860475 -1.6215191755542997 5.499749098915617 -2.020379911219263 -3.585554839571295 -9.971230114696152 -5.43150738968119 -0.5081885216990427 15.549605202155245 -5.919944739284059 
-11.572700158997703 2.2610598991750903 -0.12080437118211318 -2.5293035467311022 -0.18835716017470983 2.597385057793339 -6.439762228755787 -2.6153281071551726 -4.61015230297763 -0.3041972465991626 6.407510443485565 -2.7898662738907145 -1.4239260144870094 -2.4609364959601847 5.810663554686963 0.222801298066758 7.219199727121942 4.038710837794511 -5.919944739284059 16.578504909745117 
20
18.389868864826415 -0.5043109419731073 -1.2320358509158345 2.326003980805981 0.8903996083006542 -0.29949241496032575 -10.31468335734327 3.4693099256114603 -1.5366903692924854 4.324212652179828 -2.740394294442904 -0.2368462564032413 2.340334477982268 2.9973470186288056 -1.524639198113246 5.6332213288566155 -2.689656213263702 -2.8011731350827502 -0.31874977082730904 1.104552037211091 
-0.5043109419731073 20.82633231302878 -1.414045776996734 6.663111222334456 -0.21238444155541228 0.28989526931362253 -0.4516232623405296 -2.372888593254376 -5.127053136661889 -12.830589922071283 -7.264745744537491 -1.9123507009845933 0.5709982348270459 -3.8231993380309244 -2.776071471942291 -3.452411324102139 2.755390641134516 0.36967506723610616 -7.031445166476999 -2.2692406619096595 
-1.2320358509158345 -1.414045776996734 12.657737380519594 -1.3684907543962401 0.752860039669542 -6.1482352784632015 2.4204235637150386 -3.862424108638423 0.47769176963447624 -5.069850531432347 -7.888310322547854 4.967176081195728 -4.127874419300871 -2.5089379806996215 -0.8529679326538744 1.5037120344611474 3.551068093828185 -2.754539268288383 1.9721701778775855 -5.44189520698737 
2.326003980805981 6.663111222334456 -1.3684907543962401 10.188465222724604 -1.2427692018735716 0.27190657441028954 -4.6968021091617445 -3.5007141988291117 -6.220895597296833 -5.047225982502528 -1.6115308004247333 3.1377447176144546 0.9510029432643623 -6.683869337331394 -6.0018267250815285 -0.2076832862136639 0.05392070750069777 0.8290353443798879 -0.019770734283186375 0.5149101599444943 
