comment: Light border test, 20 tests, 20 size
0
20
1
0
0
0
0
0
20
12.37963726336421 -1.2407219381282086 -0.27932697323376976 4.27596003559971 1.4611700926692641 -1.4977990029530235 -1.4993596429127418 0.7853283699651052 1.469056598153705 3.1301878797898355 -6.9861246364973155 -2.4970549673940026 -0.6485055111376048 2.9441787323296236 -1.914931161766499 -1.2139721473584877 0.7114255640622689 -4.768256158475746 -4.166575238149415 0.05515402536495384 
-1.2407219381282086 15.796983545439009 -2.382365463215594 0.11155427604320245 7.061730948254983 0.05068512755917742 -4.236579121165732 -7.922166979547111 6.892231970159919 -11.347192639721467 -10.6817878626133 -6.596304243919563 4.02210665622029 -5.169799283764387 -1.3200098168106584 2.2925638053952904 2.919945150570223 -2.763385715194959 -5.71232889298508 2.678907048180874 
-0.27932697323376976 -2.382365463215594 20.417373836943604 -1.2477848536829066 1.0654495560123332 9.336924134408957 3.601231957771421 2.7553472126918703 -2.1974829297906426 -1.9177740322648171 3.0299515674311794 1.1804192950469181 4.945571857506656 6.2426489138102985 -0.76447354260233 -7.310459287497336 -6.2530124721113065 -5.365910607893824 -5.95347576594433 5.387793204933924 
4.27596003559971 0.11155427604320245 -1.2477848536829066 11.499328090587625 -6.878677421977976 -1.9011394218400977 -3.40316662598444 4.800181801595509 1.777017358222147 5.130618445935399 -8.177272275218908 -5.414049950230479 5.375696560394212 -0.21577820054957653 3.1057778352177716 -4.626280120439793 -1.1659913289911643 -1.0084194004813414 -2.677728106918944 0.8286045290666926 
1.4611700926692641 7.061730948254983 1.0654495560123332 -6.878677421977976 30.104938826139616 8.019949313909569 3.22596253245417 -5.740484264441875 0.0028724230419737012 -10.95720688042664 -8.554897078134726 -3.608200792970278 -6.746042686423559 -1.7094971878750684 -6.417329267570645 5.403155300830997 -2.295177935644776 -2.15712639875785 -4.5081064049284825 10.110186029629919 
-1.4977990029530235 0.05068512755917742 9.336924134408957 -1.9011394218400977 8.019949313909569 26.86337970639723 3.145716233103688 -0.5635767017277102 6.266631603952761 -3.337952347553522 -5.061890542326031 4.2825039076907325 -6.7225213718522605 5.647099265231982 -4.237370454244658 -3.244241849908939 -12.413061371273976 -2.6054994284683897 -1.5584644080451062 1.2290517775236287 
-1.4993596429127418 -4.236579121165732 3.601231957771421 -3.40316662598444 3.22596253245417 3.145716233103688 9.619595195949767 -1.1650801303784832 -2.1742457124488617 3.279685985436842 5.330383856402735 -0.9793203750760396 -2.7148712571578075 3.422927296123916 2.289864226340362 -1.4000953867413606 -6.851842818126553 -6.291209029134799 -2.3827659155387027 -2.183771078754198 
0.7853283699651052 -7.922166979547111 2.7553472126918703 4.800181801595509 -5.740484264441875 -0.5635767017277102 -1.1650801303784832 14.277100343560717 -7.021734539597433 4.882299963441613 -0.036453301504019486 5.4413978165189745 2.7199109738414347 1.1324056559083155 -1.7542767459526236 -8.88219731164176 -3.711509505653755 1.833120948219958 -5.174025035032328 4.5608875465155485 
1.469056598153705 6.892231970159919 -2.1974829297906426 1.777017358222147 0.0028724230419737012 6.266631603952761 -2.1742457124488617 -7.021734539597433 24.86859005439414 -9.154387683891922 -6.111836179796804 -2.804483676523108 -4.640847241180725 -8.029098283635914 -3.1028695394012047 0.01817759686340137 2.9108851953253336 -4.162188084586861 -0.22343612462935103 -6.866161919472557 
3.1301878797898355 -11.347192639721467 -1.9177740322648171 5.130618445935399 -10.95720688042664 -3.337952347553522 3.279685985436842 4.882299963441613 -9.154387683891922 27.02171469587474 -0.8752540093372061 -0.012574834827230097 -6.922172973487303 5.870926848017463 4.29792224203252 -12.36734633108916 -5.974313314150949 -0.8030423197022188 -0.8845486075314688 -7.964223972535432 
-6.9861246364973155 -10.6817878626133 3.0299515674311794 -8.177272275218908 -8.554897078134726 -5.061890542326031 5.330383856402735 -0.036453301504019486 -6.111836179796804 -0.8752540093372061 29.464288194017634 -1.6078562274553139 0.5690341441191358 6.353292181355958 4.44986819033554 2.5330819951805035 -4.110510587966892 -4.137184520283724 6.2055618348023085 -4.450130437660797 
-2.4970549673940026 -6.596304243919563 1.1804192950469181 -5.414049950230479 -3.608200792970278 4.2825039076907325 -0.9793203750760396 5.4413978165189745 -2.804483676523108 -0.012574834827230097 -1.6078562274553139 24.687649976250114 -13.908244960815933 -0.810754392263635 -14.786325630264972 -2.5967462279299 -3.4587210744495502 3.2385613592297022 0.7412973173173437 0.34056316063654024 
-0.6485055111376048 4.02210665622029 4.945571857506656 5.375696560394212 -6.746042686423559 -6.7225213718522605 -2.7148712571578075 2.7199109738414347 -4.640847241180725 -6.922172973487303 0.5690341441191358 -13.908244960815933 29.773045533682872 -0.660398514213127 11.653593672687562 -0.5528308856595436 3.523393270912673 3.7013282157089598 -7.975826428124437 1.9868871379738708 
2.9441787323296236 -5.169799283764387 6.2426489138102985 -0.21577820054957653 -1.7094971878750684 5.647099265231982 3.422927296123916 1.1324056559083155 -8.029098283635914 5.870926848017463 6.353292181355958 -0.810754392263635 -0.660398514213127 26.138135675535597 5.729929512478306 1.3766945080344648 -7.986601963459734 0.615673997142903 -0.6548905779214125 -1.5164105219288657 
-1.914931161766499 -1.3200098168106584 -0.76447354260233 3.1057778352177716 -6.417329267570645 -4.237370454244658 2.289864226340362 -1.7542767459526236 -3.1028695394012047 4.29792224203252 4.44986819033554 -14.786325630264972 11.653593672687562 5.729929512478306 22.521856350310394 -5.283952460808323 1.2221173708454618 -3.8663359941401616 -2.682305474390675 -3.8459741803676377 
-1.2139721473584877 2.2925638053952904 -7.310459287497336 -4.626280120439793 5.403155300830997 -3.244241849908939 -1.4000953867413606 -8.88219731164176 0.01817759686340137 -12.36734633108916 2.5330819951805035 -2.5967462279299 -0.5528308856595436 1.3766945080344648 -5.283952460808323 17.61028326539142 -2.9635365125119524 3.183720549156395 3.622049832871418 -3.0482009750442436 
0.7114255640622689 2.919945150570223 -6.2530124721113065 -1.1659913289911643 -2.295177935644776 -12.413061371273976 -6.851842818126553 -3.711509505653755 2.9108851953253336 -5.974313314150949 -4.110510587966892 -3.4587210744495502 3.523393270912673 -7.986601963459734 1.2221173708454618 -2.9635365125119524 16.855917538866255 1.5169726973008806 2.2955992799765212 -2.7997938804319897 
-4.768256158475746 -2.763385715194959 -5.365910607893824 -1.0084194004813414 -2.15712639875785 -2.6054994284683897 -6.291209029134799 1.833120948219958 -4.162188084586861 -0.8030423197022188 -4.137184520283724 3.2385613592297022 3.7013282157089598 0.615673997142903 -3.8663359941401616 3.183720549156395 1.5169726973008806 18.459135920558637 -1.3506002975973588 -4.162881089910072 
-4.166575238149415 -5.71232889298508 -5.95347576594433 -2.677728106918944 -4.5081064049284825 -1.5584644080451062 -2.3827659155387027 -5.174025035032328 -0.22343612462935103 -0.8845486075314688 6.2055618348023085 0.7412973173173437 -7.975826428124437 -0.6548905779214125 -2.682305474390675 3.622049832871418 2.2955992799765212 -1.3506002975973588 22.740213006411306 -8.054436339088117 
0.05515402536495384 2.678907048180874 5.387793204933924 0.8286045290666926 10.110186029629919 1.2290517775236287 -2.183771078754198 4.5608875465155485 -6.866161919472557 -7.964223972535432 -4.450130437660797 0.34056316063654024 1.9868871379738708 -1.5164105219288657 -3.8459741803676377 -3.0482009750442436 -2.7997938804319897 -4.162881089910072 -8.054436339088117 13.69999729784175 
20
24.851062331774088 2.519237956884766 1.437654157469243 2.440360307518739 1.5268085410930694 -2.968825371198499 -14.369516807755842 2.555679385247818 12.859882067964776 -2.2237168019657116 -10.039906693271003 1.883594901215196 1.6153471739399903 -1.1401023721519865 -2.583068782235996 -6.425647307691132 -6.656066374503145 1.534568706890186 -6.20969970989656 2.18261360513049 
2.519237956884766 27.62958210736851 4.896027365730044 -5.68403821280249 -2.500748827304946 7.713206065288578 3.505058802506624 5.384821607745543 -2.2417884043526537 -6.704080921191961 -7.454421691373966 -2.3942673425265246 0.14473858509819265 -0.5650838731229432 3.6247484132749057 -13.036920796983928 -0.8707976478321382 -5.852250969460957 5.3300290490075275 -0.5591570605846505 
1.437654157469243 4.896027365730044 8.154807309627405 2.5866828890893725 0.5676141451964838 -3.0944748790218686 -0.7515985372541993 5.175247728301738 -0.14686690748673104 -1.943856756762243 -6.072325134566627 -7.584257740982796 -5.872934020891787 1.2512748466400168 0.31625622900466954 -4.895589405931926 -2.284683282622218 -0.4885240588402249 2.7368399856563195 0.8464724344084954 
2.440360307518739 -5.68403821280249 2.5866828890893725 30.85279870061165 -0.8553160787632472 -3.93360046995589 -7.495572172121665 2.948731462814139 -3.124386672221906 -1.3136263848799947 -2.2477220937224036 -7.32731380628354 -1.3055852523343647 -2.6220590227667104 -9.46007255941896 7.309406527751956 1.498889012321228 -0.035255587629959395 0.8329865535928822 -7.373034639955529 
1.5268085410930694 -2.500748827304946 0.5676141451964838 -0.8553160787632472 23.03993095637252 -6.953756530183935 -6.680128975972713 0.35373748231007934 -2.844401557345895 -4.015234510386799 -5.199435236890947 7.40705489203458 -6.381381975408754 2.3580070586337833 -10.417472479147936 2.4985540605976313 -9.725448887159668 -2.1336986896089005 -0.044784641124427926 -3.0609298523257253 
-2.968825371198499 7.713206065288578 -3.0944748790218686 -3.93360046995589 -6.953756530183935 20.93994425664967 9.869430006510314 -0.06776154916542622 0.7180297013754238 -2.4472844438803714 4.540031759365368 -1.0325625931348572 -0.9859563501614268 -4.550206403414745 1.880595418617103 0.9994442343258908 6.5527835260090805 -5.2337415448338644 0.5223972694052903 0.1704844494351276 
-14.369516807755842 3.505058802506624 -0.7515985372541993 -7.495572172121665 -6.680128975972713 9.869430006510314 23.098298230539598 1.893450162847948 -8.787880027888024 -3.6195514505027395 10.781245053382108 -2.508884853236306 -4.056900815016625 -1.5980865290883115 6.147444955358517 1.2175927434859175 8.848969113635544 -3.144757142794112 2.0109259991915303 6.61159242206829 
2.555679385247818 5.384821607745543 5.175247728301738 2.948731462814139 0.35373748231007934 -0.06776154916542622 1.893450162847948 22.742692865981915 4.167060880124918 -3.9952184201114647 -6.209157599981328 -7.998099966382948 0.6534480985212817 2.543394643165797 -3.175449050022324 -0.4482669497768435 -0.3560299795903292 6.171934284189383 6.421931620187275 6.467982623351967 
12.859882067964776 -2.2417884043526537 -0.14686690748673104 -3.124386672221906 -2.844401557345895 0.7180297013754238 -8.787880027888024 4.167060880124918 26.931025793580545 -3.9034708783014977 -5.8645536197697385 -1.9236661022292605 -1.5270656053865936 5.387691350818083 1.4467803988638253 -2.4611360597225005 -7.752161650897119 3.6044497261220156 1.6120507445744214 -0.6638567124362909 
-2.2237168019657116 -6.704080921191961 -1.943856756762243 -1.3136263848799947 -4.015234510386799 -2.4472844438803714 -3.6195514505027395 -3.9952184201114647 -3.9034708783014977 15.906703565718662 -1.1077615989898058 -5.053809291968945 -0.3444145618715212 -4.771238790472319 4.243756335106435 -1.927297831125789 -8.77226998787182 -0.2335842194112057 -4.2712702395295885 1.0722571165033974 
-10.039906693271003 -7.454421691373966 -6.072325134566627 -2.2477220937224036 -5.199435236890947 4.540031759365368 10.781245053382108 -6.209157599981328 -5.8645536197697385 -1.1077615989898058 12.976960527327437 -0.8179607958628912 -2.670256287581074 -1.7470061654007139 4.621998356858346 5.681212822685492 5.453855367372199 -5.368555273266955 0.5196152349074272 2.408695648786467 
1.883594901215196 -2.3942673425265246 -7.584257740982796 -7.32731380628354 7.40705489203458 -1.0325625931348572 -2.508884853236306 -7.998099966382948 -1.9236661022292605 -5.053809291968945 -0.8179607958628912 17.772055415814677 1.6458999487294463 0.6311038180015143 -3.699106047917738 3.3068359570373644 -5.3856314537926036 -2.776824992021211 -2.0070286697068918 -5.668169127569365 
1.6153471739399903 0.14473858509819265 -5.872934020891787 -1.3055852523343647 -6.381381975408754 -0.9859563501614268 -4.056900815016625 0.6534480985212817 -1.5270656053865936 -0.3444145618715212 -2.670256287581074 1.6458999487294463 15.725309426900399 -3.788438810673357 1.124394479166599 0.40494045222515274 0.7309114771817907 -3.4897580387575977 -3.920457471336837 -6.397707290050006 
-1.1401023721519865 -0.5650838731229432 1.2512748466400168 -2.6220590227667104 2.3580070586337833 -4.550206403414745 -1.5980865290883115 2.543394643165797 5.387691350818083 -4.771238790472319 -1.7470061654007139 0.6311038180015143 -3.788438810673357 7.452416013930651 -3.881716341928638 -0.18592728402913644 0.6726122897849852 5.462087790797703 4.465233427809114 0.5595186394556178 
-2.583068782235996 3.6247484132749057 0.31625622900466954 -9.46007255941896 -10.417472479147936 1.880595418617103 6.147444955358517 -3.175449050022324 1.4467803988638253 4.243756335106435 4.621998356858346 -3.699106047917738 1.124394479166599 -3.881716341928638 22.516646231659244 -6.526694003747837 -1.031648210147191 -6.263772221144737 3.6041166356289427 1.5752292506915575 
-6.425647307691132 -13.036920796983928 -4.895589405931926 7.309406527751956 2.4985540605976313 0.9994442343258908 1.2175927434859175 -0.4482669497768435 -2.4611360597225005 -1.927297831125789 5.681212822685492 3.3068359570373644 0.40494045222515274 -0.18592728402913644 -6.526694003747837 20.527696632049864 -1.075955171234805 0.6211189644613089 1.1295560953218455 3.3823673358981217 
-6.656066374503145 -0.8707976478321382 -2.284683282622218 1.498889012321228 -9.725448887159668 6.5527835260090805 8.848969113635544 -0.3560299795903292 -7.752161650897119 -8.77226998787182 5.453855367372199 -5.3856314537926036 0.7309114771817907 0.6726122897849852 -1.031648210147191 -1.075955171234805 20.15235707566275 -1.0213245596157026 0.24936724663779586 -3.2855980756342906 
1.534568706890186 -5.852250969460957 -0.4885240588402249 -0.035255587629959395 -2.1336986896089005 -5.2337415448338644 -3.144757142794112 6.171934284189383 3.6044497261220156 -0.2335842194112057 -5.368555273266955 -2.776824992021211 -3.4897580387575977 5.462087790797703 -6.263772221144737 0.6211189644613089 -1.0213245596157026 12.472305866276923 -1.55918261981292 3.5748283740083955 
-6.20969970989656 5.3300290490075275 2.7368399856563195 0.8329865535928822 -0.044784641124427926 0.5223972694052903 2.0109259991915303 6.421931620187275 1.6120507445744214 -4.2712702395295885 0.5196152349074272 -2.0070286697068918 -3.920457471336837 4.465233427809114 3.6041166356289427 1.1295560953218455 0.24936724663779586 -1.55918261981292 15.100714528984398 -0.6127454191890865 
2.18261360513049 -0.5591570605846505 0.8464724344084954 -7.373034639955529 -3.0609298523257253 0.1704844494351276 6.61159242206829 6.467982623351967 -0.6638567124362909 1.0722571165033974 2.408695648786467 -5.668169127569365 -6.397707290050006 0.5595186394556178 1.5752292506915575 3.3823673358981217 -3.2855980756342906 3.5748283740083955 -0.6127454191890865 23.79469552907456 
20
21.461621633594675 -0.7644866616678215 1.1568187757498234 -4.362426582457466 3.155468833898287 -0.22998209721997098 -2.6609664743891623 3.247266365714276 -1.7564300499851992 4.699743936928651 -1.5419301112446016 -1.4910639665631509 -0.5967282198157743 2.4542380638986416 -2.654312281880731 0.7195792143127149 -12.254846505259463 -4.753582296284894 -2.0224544406226626 -4.204268223563857 
-0.7644866616678215 26.677314070682108 10.532198809404221 -1.231919085072243 3.418734436479091 6.092561613137411 -6.661120687301933 -2.4080507132548705 0.14931282972115278 -11.821259001563579 1.3728799680889558 -0.613870824128782 -0.48853390623846193 -8.277808674735937 -0.1320601572533071 -6.613827546212853 3.0640471217404626 1.4445908490289323 -5.651844934920381 1.0581028000120911 
1.1568187757498234 10.532198809404221 25.37920549543306 2.283039175764989 7.0306870089770985 1.8106784321000322 -3.2603028838308576 1.2054275441261972 0.6944316465791192 -2.0891768569540186 1.7184624136984556 7.927315199508991 6.123088174787511 -10.62497879012153 2.5557912547998645 3.0322199390005076 -2.5177151937000875 1.000567994174599 -2.7356522641433934 4.173714294296646 
-4.362426582457466 -1.231919085072243 2.283039175764989 24.27403187864054 0.2840153697475427 4.490890540784181 -2.647789015338427 5.061372916288625 -2.5115899779414352 9.889924400818595 6.133900715355297 1.2529331553317578 -0.7091084076048024 -7.642644354180813 5.498794513863756 -10.150149941842084 1.7817518602082743 2.733686014652143 -1.3800832593573666 2.620137942805424 
3.155468833898287 3.418734436479091 7.0306870089770985 0.2840153697475427 19.599974780536744 -4.417828819059345 -0.6414410658972806 0.989575027529088 -5.76722892812704 4.401469131613175 -3.5943628063325983 8.765677941495554 2.5175699796375364 2.301812115385806 -2.5523948193628896 3.5277254447121456 1.7071518865860928 -0.729244971114661 -8.732655417465116 -7.501559871080185 
-0.22998209721997098 6.092561613137411 1.8106784321000322 4.490890540784181 -4.417828819059345 19.50412280603926 0.2986250010545768 0.1656473678967334 7.043288800016552 -5.828658756739548 -1.1576811535802771 0.02105038717995411 -4.4057963651554095 -3.939016375246424 -0.404909814720965 -2.789599702350977 -4.186443903365851 1.0857625571066178 3.2281395201739223 7.418923200403218 
-2.6609664743891623 -6.661120687301933 -3.2603028838308576 -2.647789015338427 -0.6414410658972806 0.2986250010545768 18.864495887721645 -1.6521189464440789 -2.6727248279398808 -10.980952563688813 -6.212702204668018 -0.6493608203303549 -6.843825942494456 -3.3986081308243348 -2.3714490699243944 -6.673427026529708 -0.5399138412008183 2.1866122856750154 -5.281238396391349 0.28232982227138526 
3.247266365714276 -2.4080507132548705 1.2054275441261972 5.061372916288625 0.989575027529088 0.1656473678967334 -1.6521189464440789 21.135644032788452 0.6488863347201473 0.3556909298581621 1.3269566167778373 -5.371135542251933 6.588159537799919 -7.213643941507587 -1.4698193567952074 -4.122778895889379 1.9205866952822481 -11.06097546760339 2.9834846311879035 -2.2713786846980235 
-1.7564300499851992 0.14931282972115278 0.6944316465791192 -2.5115899779414352 -5.76722892812704 7.043288800016552 -2.6727248279398808 0.6488863347201473 22.927636470789235 -0.8537579206822694 -7.120572536219804 -0.5899901819036675 1.2755754080219637 -0.8933180592111369 -8.047386756429079 -1.9154077815424353 0.6031443396263998 -2.2366135496151625 12.647817753632362 3.784944998887913 
4.699743936928651 -11.821259001563579 -2.0891768569540186 9.889924400818595 4.401469131613175 -5.828658756739548 -10.980952563688813 0.3556909298581621 -0.8537579206822694 32.37579988732594 -2.8507731967465917 -1.5417326621102045 0.63526043921369 5.447755421897617 -0.27501078963802783 -0.6780799557159223 -0.3259958188120665 -5.186633008865452 1.4690091151318945 -8.154333723258407 
-1.5419301112446016 1.3728799680889558 1.7184624136984556 6.133900715355297 -3.5943628063325983 -1.1576811535802771 -6.212702204668018 1.3269566167778373 -7.120572536219804 -2.8507731967465917 16.941905967696496 -3.76574981965281 -1.8511879244855909 -6.227167242697368 -1.4016578009775456 -5.435023133558717 -1.5383687847219578 6.447573577909404 -7.43165633793603 1.28692623511387 
-1.4910639665631509 -0.613870824128782 7.927315199508991 1.2529331553317578 8.765677941495554 0.02105038717995411 -0.6493608203303549 -5.371135542251933 -0.5899901819036675 -1.5417326621102045 -3.76574981965281 13.778793876587114 1.4979012418249362 -6.408793610651077 -6.110570658853935 2.1886162284110444 -2.150596246425151 3.7903417885316295 -6.566214617658082 -1.1374003183968915 
-0.5967282198157743 -0.48853390623846193 6.123088174787511 -0.7091084076048024 2.5175699796375364 -4.4057963651554095 -6.843825942494456 6.588159537799919 1.2755754080219637 0.63526043921369 -1.8511879244855909 1.4979012418249362 12.67762228604161 -8.56343072041669 -0.8952516889611392 -1.5657755500389392 5.728941515059404 -2.442873813011317 2.8561562756990084 -4.574971465373613 
2.4542380638986416 -8.277808674735937 -10.62497879012153 -7.642644354180813 2.301812115385806 -3.939016375246424 -3.3986081308243348 -7.213643941507587 -0.8933180592111369 5.447755421897617 -6.227167242697368 -6.408793610651077 -8.56343072041669 24.389352457331146 -3.534860833806955 -4.046028491649787 -5.313272234705725 -6.149021228164667 0.7610323089811821 0.9087208389198662 
-2.654312281880731 -0.1320601572533071 2.5557912547998645 5.498794513863756 -2.5523948193628896 -0.404909814720965 -2.3714490699243944 -1.4698193567952074 -8.047386756429079 -0.27501078963802783 -1.4016578009775456 -6.110570658853935 -0.8952516889611392 -3.534860833806955 14.80867516755575 -3.2262121288036334 2.8201190723216065 -0.47620378645926204 1.8856236608547774 2.2502181267917463 
0.7195792143127149 -6.613827546212853 3.0322199390005076 -10.150149941842084 3.5277254447121456 -2.789599702350977 -6.673427026529708 -4.122778895889379 -1.9154077815424353 -0.6780799557159223 -5.435023133558717 2.1886162284110444 -1.5657755500389392 -4.046028491649787 -3.2262121288036334 10.168503474578579 -5.213496177220218 -3.744058072261578 -0.22331021844818344 -4.726585008139426 
-12.254846505259463 3.0640471217404626 -2.5177151937000875 1.7817518602082743 1.7071518865860928 -4.186443903365851 -0.5399138412008183 1.9205866952822481 0.6031443396263998 -0.3259958188120665 -1.5383687847219578 -2.150596246425151 5.728941515059404 -5.313272234705725 2.8201190723216065 -5.213496177220218 22.216243184053823 3.4548425229197894 0.4287198480428879 -4.220154613067091 
-4.753582296284894 1.4445908490289323 1.000567994174599 2.733686014652143 -0.729244971114661 1.0857625571066178 2.1866122856750154 -11.06097546760339 -2.2366135496151625 -5.186633008865452 6.447573577909404 3.7903417885316295 -2.442873813011317 -6.149021228164667 -0.47620378645926204 -3.744058072261578 3.4548425229197894 19.040500204931725 -8.065527668800087 -2.338596412935823 
-2.0224544406226626 -5.651844934920381 -2.7356522641433934 -1.3800832593573666 -8.732655417465116 3.2281395201739223 -5.281238396391349 2.9834846311879035 12.647817753632362 1.4690091151318945 -7.43165633793603 -6.566214617658082 2.8561562756990084 0.7610323089811821 1.8856236608547774 -0.22331021844818344 0.4287198480428879 -8.065527668800087 18.530457460627932 2.3984181427415336 
-4.204268223563857 1.0581028000120911 4.173714294296646 2.620137942805424 -7.501559871080185 7.418923200403218 0.28232982227138526 -2.2713786846980235 3.784944998887913 -8.154333723258407 1.28692623511387 -1.1374003183968915 -4.574971465373613 0.9087208389198662 2.2502181267917463 -4.726585008139426 -4.220154613067091 -2.338596412935823 2.3984181427415336 14.185968276269914 
20
16.611216809282567 0.3968027453650892 1.6004943974318804 4.124638299877261 4.8074998485599165 3.088478340392336 3.1672308898649684 -1.6344037783205798 -1.649587885758589 -0.2107269078194982 8.675351598907682 -3.1740716291203195 -0.2934303959009348 -2.7940428657951277 -10.609011699212386 4.315632789369109 -8.395393784620982 -4.300577940827509 -8.103956797545104 -0.5362796078878698 
0.3968027453650892 17.60835465561028 -2.489197765296991 1.4194176641659477 0.7263645309635592 1.4212578903881203 -4.857028155898247 -6.839592370051015 -7.700647839478806 -3.2540033533904413 -3.6194418292630512 -12.479216365006126 0.09114779130193784 1.3475641880376776 1.3840046008382885 -1.948630299292932 3.41442840417459 2.1291624755222944 -5.588040900595756 4.225875238541373 
1.6004943974318804 -2.489197765296991 9.63274943692955 0.09018507762515837 4.763342029190656 -0.7441906676846612 5.067977315966218 -0.8606506596187142 1.889187643053182 -6.196707151314236 -1.65809272625165 2.8178336689018013 -1.7363792165750604 -0.09633199213440834 0.09458232177141704 -2.5415358176637017 -4.703095226317749 2.3567482129813366 5.94286874938827 -3.7552777580367236 
4.124638299877261 1.4194176641659477 0.09018507762515837 13.588018660488464 -6.574784591278137 -2.3671918134976675 -11.509915283171827 -4.647111179482856 -1.6527727326504835 -3.5155647412923843 3.4764684769936016 -4.235134671828756 -3.838735830748439 -0.41603434837592046 -1.7672630805304343 1.0746982158237628 -3.7962762719518546 -2.4300505490593647 -5.526782839628373 6.363221412613236 
4.8074998485599165 0.7263645309635592 4.763342029190656 -6.574784591278137 28.687596974554268 9.818703008148514 4.974962922136208 0.5676109467054601 -4.022501329995664 -8.296191202191428 0.03693532842368713 1.4686826434603906 5.045141767164242 0.6414638825936027 -1.3444043952218556 3.816388705661943 -2.5730638916163246 0.7760892707799667 4.703273618929455 1.9941249676667787 
3.088478340392336 1.4212578903881203 -0.7441906676846612 -2.3671918134976675 9.818703008148514 16.801323947782986 -1.0998669693450391 0.4838498868711083 -5.0039029587855905 1.6347815456497028 0.4734853781815547 -2.0629683676214103 6.7444854601385895 -3.4846733190258634 3.334940506644377 8.251520703087218 -4.105291907337605 3.3745634137466354 -2.517812901578666 1.790714022559111 
3.1672308898649684 -4.857028155898247 5.067977315966218 -11.509915283171827 4.974962922136208 -1.0998669693450391 30.207477232183802 5.344520292510613 -0.07021169596883589 -2.4243537981909236 -3.385203646492146 3.215125813868076 -0.6403972615417641 -3.207783657368276 -4.653454184502894 -0.9951831907262608 3.436862504931395 -1.6444057743336666 0.9147544684294334 -7.253432832140913 
-1.6344037783205798 -6.839592370051015 -0.8606506596187142 -4.647111179482856 0.5676109467054601 0.4838498868711083 5.344520292510613 11.954322987382561 -0.8579229627934369 1.946591623353519 -4.502695131701221 1.0416571744611833 -1.8933268219657506 -6.414754604215815 5.41519934957796 -3.5225993314772825 0.8981740831477334 0.343428090979909 -1.4763531311354725 1.8396813021574994 
-1.649587885758589 -7.700647839478806 1.889187643053182 -1.6527727326504835 -4.022501329995664 -5.0039029587855905 -0.07021169596883589 -0.8579229627934369 22.497289041159195 6.55829392059766 -7.764584794753462 0.2415377678812085 -1.5506512091636553 -3.7270088947936224 -3.2837869578247427 -1.805292167635446 -7.069292402515414 3.4766628087704805 5.30170587148978 -8.391433806449708 
-0.2107269078194982 -3.2540033533904413 -6.196707151314236 -3.5155647412923843 -8.296191202191428 1.6347815456497028 -2.4243537981909236 1.946591623353519 6.55829392059766 17.47139970446098 -3.417035998172385 -4.651524421125453 2.2739838466687115 -4.474317664835984 -1.3594248267153164 2.187724596311857 -2.8730641973026345 -2.048229655732541 -1.60515501051268 -2.958821522370547 
8.675351598907682 -3.6194418292630512 -1.65809272625165 3.4764684769936016 0.03693532842368713 0.4734853781815547 -3.385203646492146 -4.502695131701221 -7.764584794753462 -3.417035998172385 28.346664953705343 4.403934173151349 -1.579246898007512 -1.9159709109786778 -11.715408401634178 -0.4405547055978363 -3.6803689757684865 -10.983526832535484 -3.7461793171007542 5.727354572333813 
-3.1740716291203195 -12.479216365006126 2.8178336689018013 -4.235134671828756 1.4686826434603906 -2.0629683676214103 3.215125813868076 1.0416571744611833 0.2415377678812085 -4.651524421125453 4.403934173151349 18.762994018985246 3.891104826538413 -4.015314958897257 -3.1028429945505005 -2.9221369515877402 -7.164806955929139 -2.175044157676774 6.086940108867776 0.9615480167608312 
-0.2934303959009348 0.09114779130193784 -1.7363792165750604 -3.838735830748439 5.045141767164242 6.7444854601385895 -0.6403972615417641 -1.8933268219657506 -1.5506512091636553 2.2739838466687115 -1.579246898007512 3.891104826538413 20.254056145607688 -8.610001493486635 1.3272111524130275 -4.056642623851796 -1.3613654451758055 -0.9774772444246551 4.219654081475078 5.635797523517881 
-2.7940428657951277 1.3475641880376776 -0.09633199213440834 -0.41603434837592046 0.6414638825936027 -3.4846733190258634 -3.207783657368276 -6.414754604215815 -3.7270088947936224 -4.474317664835984 -1.9159709109786778 -4.015314958897257 -8.610001493486635 15.985931877173464 0.1023170358215269 1.950663563157938 3.041406291000756 3.7258047094953977 -5.122913031235155 -1.884967215431767 
-10.609011699212386 1.3840046008382885 0.09458232177141704 -1.7672630805304343 -1.3444043952218556 3.334940506644377 -4.653454184502894 5.41519934957796 -3.2837869578247427 -1.3594248267153164 -11.715408401634178 -3.1028429945505005 1.3272111524130275 0.1023170358215269 21.903125776772086 -6.464573897391767 11.453840318584463 7.502423135399788 -1.2767561732658634 -3.2870706421768303 
4.315632789369109 -1.948630299292932 -2.5415358176637017 1.0746982158237628 3.816388705661943 8.251520703087218 -0.9951831907262608 -3.5225993314772825 -1.805292167635446 2.187724596311857 -0.4405547055978363 -2.9221369515877402 -4.056642623851796 1.950663563157938 -6.464573897391767 20.199788759809447 -6.981809874345956 -3.2451977178726015 -4.426226311461229 1.3798590049016093 
-8.395393784620982 3.41442840417459 -4.703095226317749 -3.7962762719518546 -2.5730638916163246 -4.105291907337605 3.436862504931395 0.8981740831477334 -7.069292402515414 -2.8730641973026345 -3.6803689757684865 -7.164806955929139 -1.3613654451758055 3.041406291000756 11.453840318584463 -6.981809874345956 23.528400342457445 0.770367415974017 -5.9668839595484915 -0.8717224154405697 
-4.300577940827509 2.1291624755222944 2.3567482129813366 -2.4300505490593647 0.7760892707799667 3.3745634137466354 -1.6444057743336666 0.343428090979909 3.4766628087704805 -2.048229655732541 -10.983526832535484 -2.175044157676774 -0.9774772444246551 3.7258047094953977 7.502423135399788 -3.2451977178726015 0.770367415974017 15.240059060260725 0.09017602421424986 -6.583882491088278 
-8.103956797545104 -5.588040900595756 5.94286874938827 -5.526782839628373 4.703273618929455 -2.517812901578666 0.9147544684294334 -1.4763531311354725 5.30170587148978 -1.60515501051268 -3.7461793171007542 6.086940108867776 4.219654081475078 -5.122913031235155 -1.2767561732658634 -4.426226311461229 -5.9668839595484915 0.09017602421424986 16.671396359261514 1.3855898708605778 
-0.5362796078878698 4.225875238541373 -3.7552777580367236 6.363221412613236 1.9941249676667787 1.790714022559111 -7.253432832140913 1.8396813021574994 -8.391433806449708 -2.958821522370547 5.727354572333813 0.9615480167608312 5.635797523517881 -1.884967215431767 -3.2870706421768303 1.3798590049016093 -0.8717224154405697 -6.583882491088278 1.3855898708605778 21.3245140086957 
20
15.617343712846434 4.948303502716561 -2.517120851367239 2.7515687347918694 -2.584153423818852 6.193597561203402 -0.3458687845420516 -6.020172729131104 -3.7397761737100934 -0.07773485227174648 -1.3023292767731927 -0.8346470814421055 -2.016700358064775 -0.6046989842052889 -8.108709777015275 -0.6943950321886201 -0.5538034385392452 -3.963338741593133 -3.6930513877553413 -3.025359213111555 
4.948303502716561 25.61940668985854 1.4310675683410492 1.0983471563228921 -6.420377419764653 3.684996862873717 4.819868206897809 -13.36365091701965 1.4669084285024518 -5.97966896478759 0.9736877525730678 7.264045928730783 -3.0892732187701086 -2.9342245601972126 -0.6629141971082897 -2.241161899631701 -1.151814738271109 0.7202968610284559 4.062854654736017 -1.4567736243925569 
-2.517120851367239 1.4310675683410492 19.2011204422478 1.370756887219851 4.063316278279239 -1.3082486790096213 2.2526920787208153 0.2892947460298705 -1.9626247279056772 -3.1296874994024075 -0.46763285467463 -0.9848519526027116 -1.5271982549566263 -6.076569244821392 -3.2435402927296804 -0.5606710763461161 0.5375798759700385 -4.9926137109287145 -3.099228918803025 5.538895871582202 
2.7515687347918694 1.0983471563228921 1.370756887219851 21.727089434848338 -0.9778242220945894 2.501124724456516 -3.3337566029836294 -6.438971587574806 0.9678097481274921 -0.8534399799812213 -0.4117921287921047 -1.8523752310254176 -9.67986399279655 0.0032283292116011553 -16.165652115956686 -9.969231928553345 0.15452452451841364 -1.3076566461487829 0.8165259139089931 -4.542152766592969 
-2.584153423818852 -6.420377419764653 4.063316278279239 -0.9778242220945894 21.39725640342658 -0.18827605804518555 -1.5130410977340523 11.885394031270415 -6.901160213606225 0.27314368798560656 6.066811483748147 -0.26225101184662847 0.9526251195763734 -4.447927545972924 -4.322953940118317 3.419767378356218 3.162007854109322 -1.4437284298255346 -6.0343870087886184 6.762105004263954 
6.193597561203402 3.684996862873717 -1.3082486790096213 2.501124724456516 -0.18827605804518555 22.21984271054974 4.102628350178939 -6.296414882697838 9.732842836173027 -0.23267091346094504 -12.245616826084076 -1.4891117726463325 0.3172639109069824 3.8417494456317054 -6.940917432621811 -1.2449894260690983 -5.993380833292592 -5.452616829004624 -2.7771575323649373 -0.2632462786315132 
-0.3458687845420516 4.819868206897809 2.2526920787208153 -3.3337566029836294 -1.5130410977340523 4.102628350178939 13.21323583705817 -0.7888532737710344 -4.278771464781715 -0.33173961298677734 0.35743535090721945 -0.09253863932222367 -2.589815841068279 0.15110411618666023 -0.8374656384355934 1.5856700235858008 -1.7248917750340833 -0.7723638629308847 3.291044536818144 -2.2104503842798895 
-6.020172729131104 -13.36365091701965 0.2892947460298705 -6.438971587574806 11.885394031270415 -6.296414882697838 -0.7888532737710344 23.26172326886024 -6.273038637200545 2.4249368206752138 -1.1918579539620286 -1.6253730695765713 1.5599104353016846 -1.6914936152587345 -3.098560410173539 -1.5529215670230538 -2.4365938218662198 -0.44560349935389654 -3.0121891591388055 6.4546073412969935 
-3.7397761737100934 1.4669084285024518 -1.9626247279056772 0.9678097481274921 -6.901160213606225 9.732842836173027 -4.278771464781715 -6.273038637200545 23.32717085762599 -1.3452366099977988 -12.158648328583562 -5.040749828481812 2.533596423795774 1.568706321204269 1.535421288288981 -8.712214442209898 -3.3475595115046404 -6.810487128725246 1.363192277714649 5.703603710325927 
-0.07773485227174648 -5.97966896478759 -3.1296874994024075 -0.8534399799812213 0.27314368798560656 -0.23267091346094504 -0.33173961298677734 2.4249368206752138 -1.3452366099977988 21.234559887231182 0.3797312637676218 -2.6781933444675783 0.5092087711070743 -4.033228342800641 -0.19391455980292882 7.4707957034146535 -1.6827925879043157 -8.351992221306448 2.6747808398417603 -5.366954978720923 
-1.3023292767731927 0.9736877525730678 -0.46763285467463 -0.4117921287921047 6.066811483748147 -12.245616826084076 0.35743535090721945 -1.1918579539620286 -12.158648328583562 0.3797312637676218 22.79151089128366 7.462842104017687 -3.4916191898439046 -9.500936674369415 -1.5187206289585757 1.1427473298713289 2.132532571570549 1.6422347690784638 2.6628050301919086 -2.9989171486253676 
-0.8346470814421055 7.264045928730783 -0.9848519526027116 -1.8523752310254176 -0.26225101184662847 -1.4891117726463325 -0.09253863932222367 -1.6253730695765713 -5.040749828481812 -2.6781933444675783 7.462842104017687 15.320052421241646 2.0798763255773145 -2.6878137541467955 0.7963243020937958 4.537935356509142 -8.567433048562613 8.13409901429249 4.2650677445916365 -1.6468453196036656 
-2.016700358064775 -3.0892732187701086 -1.5271982549566263 -9.67986399279655 0.9526251195763734 0.3172639109069824 -2.589815841068279 1.5599104353016846 2.533596423795774 0.5092087711070743 -3.4916191898439046 2.0798763255773145 15.423646715973062 3.088567316310606 1.500453527795846 5.790062499019102 -4.749104844016247 3.639225576499797 -6.268075214877281 4.468678507478609 
-0.6046989842052889 -2.9342245601972126 -6.076569244821392 0.0032283292116011553 -4.447927545972924 3.8417494456317054 0.15110411618666023 -1.6914936152587345 1.568706321204269 -4.033228342800641 -9.500936674369415 -2.6878137541467955 3.088567316310606 9.476546766354533 -2.57019555362287 -0.6524373050864863 -2.923698626475281 2.4149693535722836 -2.921802081621667 -2.763982612255279 
-8.108709777015275 -0.6629141971082897 -3.2435402927296804 -16.165652115956686 -4.322953940118317 -6.940917432621811 -0.8374656384355934 -3.098560410173539 1.535421288288981 -0.19391455980292882 -1.5187206289585757 0.7963243020937958 1.500453527795846 -2.57019555362287 23.057849811983644 8.94416208209883 -4.014691834229192 -6.411238144543492 6.183110166077791 -0.2816487769956837 
-0.6943950321886201 -2.241161899631701 -0.5606710763461161 -9.969231928553345 3.419767378356218 -1.2449894260690983 1.5856700235858008 -1.5529215670230538 -8.712214442209898 7.4707957034146535 1.1427473298713289 4.537935356509142 5.790062499019102 -0.6524373050864863 8.94416208209883 21.63095349398036 -1.2668127361849493 -2.7279499803650125 2.1214350713145067 -7.523398817793454 
-0.5538034385392452 -1.151814738271109 0.5375798759700385 0.15452452451841364 3.162007854109322 -5.993380833292592 -1.7248917750340833 -2.4365938218662198 -3.3475595115046404 -1.6827925879043157 2.132532571570549 -8.567433048562613 -4.749104844016247 -2.923698626475281 -4.014691834229192 -1.2668127361849493 10.666246774416996 -6.483473775395241 -2.655596485621912 -2.7656880585377133 
-3.963338741593133 0.7202968610284559 -4.9926137109287145 -1.3076566461487829 -1.4437284298255346 -5.452616829004624 -0.7723638629308847 -0.44560349935389654 -6.810487128725246 -8.351992221306448 1.6422347690784638 8.13409901429249 3.639225576499797 2.4149693535722836 -6.411238144543492 -2.7279499803650125 -6.483473775395241 18.054456922738353 -1.0957066935278719 -0.7935729536451723 
-3.6930513877553413 4.062854654736017 -3.099228918803025 0.8165259139089931 -6.0343870087886184 -2.7771575323649373 3.291044536818144 -3.0121891591388055 1.363192277714649 2.6747808398417603 2.6628050301919086 4.2650677445916365 -6.268075214877281 -2.921802081621667 6.183110166077791 2.1214350713145067 -2.655596485621912 -1.0957066935278719 11.581179417044885 -4.46897583057598 
-3.025359213111555 -1.4567736243925569 5.538895871582202 -4.542152766592969 6.762105004263954 -0.2632462786315132 -2.2104503842798895 6.4546073412969935 5.703603710325927 -5.366954978720923 -2.9989171486253676 -1.6468453196036656 4.468678507478609 -2.763982612255279 -0.2816487769956837 -7.523398817793454 -2.7656880585377133 -0.7935729536451723 -4.46897583057598 20.148876500478018 
20
16.37303444152827 0.5319932876380169 2.7375415245553336 0.979408247507682 1.2222504213658798 -2.2031793940484596 -5.967512256827527 -4.511624903511065 -5.433738024904991 -5.316498964535183 -3.512563428517242 -3.5293439947540226 -1.022119050013908 7.6225119208339756 4.07871954101854 2.3411389377872363 -10.108247862985557 -2.488417614042529 -5.127970050287112 -0.3372605570829823 
0.5319932876380169 11.3322775306858 -3.163432879527592 -2.1395959332246277 -0.06103903698080426 -1.9124369397530159 -5.727493466105586 2.1954875639157434 -0.9540090047166405 -1.2993927056603751 1.9821690149022153 1.839346937269223 -1.5730917748524904 2.174256140456322 -4.393552924856704 -1.3704363879902826 -3.624886235762341 -0.8328961633187976 1.450917829422142 -1.6004418267323597 
2.7375415245553336 -3.163432879527592 20.58784369147734 0.7885909508143656 -8.52841749342368 0.4698002164942465 -4.902899725741129 -6.205206153551614 2.147134298650175 0.9647197507728213 -4.473922446504035 -5.2076596214246775 -2.1657764759606843 4.137265314416441 -1.5377321295984556 5.881155622685372 3.3653095692279793 -2.076831083040771 2.4415532319520055 -1.6097493586647649 
0.979408247507682 -2.1395959332246277 0.7885909508143656 22.117409548094017 2.927354601148672 0.7152459841389308 -1.3363491973869783 -8.048085610066519 3.2749500849449023 2.6322995634158772 0.6278112388256715 0.9795842261765456 -5.764511033926561 -2.4509996742743905 3.2500497854313393 -2.8835585188687154 10.166076960934491 -2.081008826164995 -2.6303732927585273 2.182873469773801 
