comment: Gauss testing, flags=0, 100 tests
0
100
3
30
0
0
0
0
30
0.778539875727376 0.6883199113039106 1.8101637156116726 0.31507925747161825 0.6756464973991634 1.267571923802646 2.141783469153229 -0.5954654367891106 1.4812381790021418 1.403518422023424 1.628235945762345 2.1066404646482617 0.9479076721102442 0.6722009335085655 -0.4477023788959271 1.3378548238322856 1.0141207546171944 0.8279333466348726 0.32912597351106276 1.2575837880737337 1.0753410556559138 1.37301422857343 0.7816234714151551 1.540397316256262 2.1300871315072585 1.4614861715431715 0.022605565554864482 1.0293107888757815 1.6824993846864067 2.398915598637124 
0.6883199113039106 -0.28521658226438196 0.35317315445390074 0.7042433946147735 0.9397409735207111 1.1621854771202298 2.3041766908874455 1.3408222225936488 0.21617362890508052 2.0570602664724964 -0.24764786710224262 0.19689094900100423 1.1513725352168034 1.9253971213206613 2.039187545669729 0.37417039859884504 0.7298349430764126 0.9860103561106874 -0.8180871022939553 1.5689412989034213 1.350816907180199 0.42757969587887945 0.6707873929046397 1.3758429461964834 0.9759757063930746 0.6378840523472491 -0.04194333797358896 0.0753787157434137 0.6938654825632682 1.0983559851926008 
1.8101637156116726 0.35317315445390074 -0.3083697064915065 0.48505263313936964 0.5736428261770194 1.437752725880748 1.6352448385044158 1.2559613354190835 1.000474239774588 2.624922589419583 0.20040999347765254 1.4056079476169083 0.9599906450153071 2.0588400211921147 0.776868283434071 0.4074999467066456 2.1919647344611013 -1.4818106690598767 0.2660933829457468 2.5512128954441398 -0.025753900478094893 -0.7835869724178757 1.3186956331737711 -0.25150372634199236 1.70563184139362 1.5535778221678664 2.121289756259644 0.9188756436908124 0.08891969264890665 0.21594828908780417 
0.31507925747161825 0.7042433946147735 0.48505263313936964 0.0889278716516484 0.1386990860429005 1.0327455918985997 0.4669910176819726 0.9231960442786754 -0.0488454253823869 0.7004738165932043 0.41267041274088323 0.12156714122364531 0.9095723023202114 1.016608592059004 -0.2621242633765206 1.795796001517248 2.1226447623875804 1.1717261882338061 1.6606884229097467 2.1785157888456954 0.4737772727416588 2.5747630279719957 -0.395819920005791 0.6476845144110256 1.0673079025847545 -0.0589392759781906 -0.3328997077806912 1.6312388444999382 1.8950596712353125 -0.1583689128665593 
0.6756464973991634 0.9397409735207111 0.5736428261770194 0.1386990860429005 1.8561437175762356 0.9159909937899413 1.0851297042579056 1.6301741137367047 1.2960841394236837 1.051371756650749 -1.2672204975243684 0.4544318826932162 0.7777224213938905 0.5759828524354451 1.3144584831311832 0.772910941119842 0.11868327086240094 0.935896757959951 1.3687308407499976 2.108116517223365 3.1425527527565515 0.9875978803497323 0.7223259282250429 2.367174941440149 0.5299790062138192 0.06739258756887612 0.3791555949625801 1.4698748853405477 0.929259404493523 1.2105164103273345 
1.267571923802646 1.1621854771202298 1.437752725880748 1.0327455918985997 0.9159909937899413 1.518946324536362 2.789147633416513 0.8654611167652491 0.44133605330872516 -0.0042783691308199145 0.6496879626520989 1.3928203344383203 0.8284543999168239 1.4472236385412118 1.8956020085528886 2.2188950329658033 0.3906774516274303 1.7299759257522085 0.2113141464597419 -0.21117326871218367 0.03418663029233282 0.3594962231898231 1.7570543264724328 0.2497949753267994 2.0498094113515006 1.5458306822759946 1.0877764193110495 1.6835736715766192 1.1042648727044793 1.1975668369322996 
2.141783469153229 2.3041766908874455 1.6352448385044158 0.4669910176819726 1.0851297042579056 2.789147633416513 1.4892689750576231 -0.3754105010442237 2.441877419594917 0.18727007508505833 1.1064670545191837 1.646861967605186 1.2980216993686746 1.159798755911291 -0.2643660076532479 1.5322722722672717 2.185643716504818 1.6369263322897067 0.1308589231924182 0.7307771484113157 0.2994279965861102 0.7769194165550908 -0.7079379897089606 1.9825439755655783 2.8753320853019764 1.279872652890632 0.8377224601817885 0.14677828241440505 -0.5257447379189473 1.156742424425594 
-0.5954654367891106 1.3408222225936488 1.2559613354190835 0.9231960442786754 1.6301741137367047 0.8654611167652491 -0.3754105010442237 1.4650696284784952 -0.48519500911504565 1.5316854254674972 0.7472220509153276 0.6023982600237846 2.4652654196347816 2.2634857939080097 0.8275229443669538 1.9279993336228343 0.23083714443805547 1.0780908993015774 1.4846567823416226 -0.8595053396723917 2.1199613678303724 0.5563244175412522 2.175808680543816 1.4547349211536504 0.9349774854492604 1.008559142238518 0.7198983532610208 1.5422569620072024 -0.42303894602641967 1.6155749165024713 
1.4812381790021418 0.21617362890508052 1.000474239774588 -0.0488454253823869 1.2960841394236837 0.44133605330872516 2.441877419594917 -0.48519500911504565 1.744972869913086 1.4387695664398699 -0.1888197936081324 1.666811707701319 0.908860964983608 0.4451477954427052 0.45369973557451426 1.4510053710956852 0.20649874998739737 0.791346093125012 0.7701690499943129 1.5429071738578364 1.0240771022760595 1.0108594705050709 0.8610180969070501 0.6548616657659125 0.011909651188958148 0.7148917411877451 2.7449038830254957 1.4828041814844304 1.5399618884388868 1.744789393247429 
1.403518422023424 2.0570602664724964 2.624922589419583 0.7004738165932043 1.051371756650749 -0.0042783691308199145 0.18727007508505833 1.5316854254674972 1.4387695664398699 1.847200319528615 0.8848693837522779 1.3573229682894798 0.9188722200941863 1.0150692453597758 1.835225507865138 1.7801024919353452 1.0232294704182567 1.428772135198 -0.11268281246019174 0.9722527751835769 0.6167324456958949 0.28592278615144473 0.4157738646080672 1.286516006899289 1.3751182736370053 0.4253118728809254 0.6503981309435025 0.9468968420757715 1.3897116833864938 2.4587020791296377 
1.628235945762345 -0.24764786710224262 0.20040999347765254 0.41267041274088323 -1.2672204975243684 0.6496879626520989 1.1064670545191837 0.7472220509153276 -0.1888197936081324 0.8848693837522779 1.214638304010093 0.9695742832575936 0.7661620454167427 0.5579042518508337 -0.8752177161483663 1.2811224555563017 0.8334922182299669 1.6820913499356211 2.117188520579095 0.696439817305883 2.534994809544716 1.0090230187650058 1.4887718439219155 1.6341626807076506 0.764567119174211 0.873962846949306 0.31650543291259736 1.804839014336711 0.6683559662294165 0.6105810550659225 
2.1066404646482617 0.19689094900100423 1.4056079476169083 0.12156714122364531 0.4544318826932162 1.3928203344383203 1.646861967605186 0.6023982600237846 1.666811707701319 1.3573229682894798 0.9695742832575936 -0.31234393796677073 2.061321246908496 1.1383007067449593 0.8374851641375591 0.3520106838907737 0.7158184217152848 0.8636572566515571 0.8116061111737787 0.8776791411256513 0.2713297973259844 1.1538207328167793 1.8494101928828317 0.7529296836437487 1.388432891533493 -0.13317013034994774 0.6921887968512588 1.4047133829767053 0.9503290466934702 0.7563666282487946 
0.9479076721102442 1.1513725352168034 0.9599906450153071 0.9095723023202114 0.7777224213938905 0.8284543999168239 1.2980216993686746 2.4652654196347816 0.908860964983608 0.9188722200941863 0.7661620454167427 2.061321246908496 0.9466908371988534 0.37917012922042537 1.57959687050153 0.9643107872897302 0.44466036663182373 2.256365391474236 1.101648232240291 1.5269883944879652 1.7289678596548739 -0.07211078207547716 0.7270595698010986 1.3493694676148515 0.11631276324658901 0.6791234117466951 1.4061010666366076 2.479850383395144 0.7228336667476267 0.8765468487773637 
0.6722009335085655 1.9253971213206613 2.0588400211921147 1.016608592059004 0.5759828524354451 1.4472236385412118 1.159798755911291 2.2634857939080097 0.4451477954427052 1.0150692453597758 0.5579042518508337 1.1383007067449593 0.37917012922042537 0.638704182703644 0.7485012424156031 0.30717145757320397 1.11604518176504 0.9925273087520927 1.5336968726038829 0.6345002784309263 2.2157405279865454 2.7547741129576413 2.2258110231403725 -0.04962973982819174 1.8899954900154585 0.6300661674883976 0.9935954706060299 1.2697829844078234 1.704819375645302 1.5742186331459744 
-0.4477023788959271 2.039187545669729 0.776868283434071 -0.2621242633765206 1.3144584831311832 1.8956020085528886 -0.2643660076532479 0.8275229443669538 0.45369973557451426 1.835225507865138 -0.8752177161483663 0.8374851641375591 1.57959687050153 0.7485012424156031 0.44386337946117393 2.0928582532186044 -0.17295064462720333 1.3355497606761908 0.4199591902322465 0.17463295390178457 0.4749235311801785 1.367025673432815 0.6484862055208424 0.04738087809116476 2.2469783602354987 1.2778199774396286 0.762493335967865 1.0198753921132604 -0.37143827027501275 1.0478142607065253 
1.3378548238322856 0.37417039859884504 0.4074999467066456 1.795796001517248 0.772910941119842 2.2188950329658033 1.5322722722672717 1.9279993336228343 1.4510053710956852 1.7801024919353452 1.2811224555563017 0.3520106838907737 0.9643107872897302 0.30717145757320397 2.0928582532186044 -0.3685236159070737 1.9126127175996532 0.22780303966106552 1.397204799828605 1.1149963444912419 0.4961392291136867 1.0554931627459392 0.7886965748175023 0.11392238258478837 1.3360960002037339 0.5995446657826808 1.19898107793457 2.5964156223306354 0.8963938273360119 1.214694853939522 
1.0141207546171944 0.7298349430764126 2.1919647344611013 2.1226447623875804 0.11868327086240094 0.3906774516274303 2.185643716504818 0.23083714443805547 0.20649874998739737 1.0232294704182567 0.8334922182299669 0.7158184217152848 0.44466036663182373 1.11604518176504 -0.17295064462720333 1.9126127175996532 2.2926711006761997 0.42898411358279154 -0.23218033194995313 1.2483715481226259 1.9827806634948444 -0.11237031753915572 0.18805082746899693 0.9028065103139534 1.5916497356193406 1.060276081554007 1.985324271270557 0.28678292129742844 1.320441944080537 -0.49995436294723117 
0.8279333466348726 0.9860103561106874 -1.4818106690598767 1.1717261882338061 0.935896757959951 1.7299759257522085 1.6369263322897067 1.0780908993015774 0.791346093125012 1.428772135198 1.6820913499356211 0.8636572566515571 2.256365391474236 0.9925273087520927 1.3355497606761908 0.22780303966106552 0.42898411358279154 -0.2390366257739991 0.8822669394370828 1.9541843153179217 1.3934688053202982 1.1599356399234337 -0.19268427481501416 1.06799745539155 0.52073591975206 1.1595101692425671 0.2966353783188427 1.135747598199672 1.1905239633012334 0.7904888052399568 
0.32912597351106276 -0.8180871022939553 0.2660933829457468 1.6606884229097467 1.3687308407499976 0.2113141464597419 0.1308589231924182 1.4846567823416226 0.7701690499943129 -0.11268281246019174 2.117188520579095 0.8116061111737787 1.101648232240291 1.5336968726038829 0.4199591902322465 1.397204799828605 -0.23218033194995313 0.8822669394370828 1.1926809800474818 0.650822970925182 0.3690768771295676 0.2313220097039661 1.857332348717466 0.6200571255951508 0.9382745230119609 1.3089384838860854 1.014832683466069 1.0338935758768437 0.6875221763037866 -0.15532235678049644 
1.2575837880737337 1.5689412989034213 2.5512128954441398 2.1785157888456954 2.108116517223365 -0.21117326871218367 0.7307771484113157 -0.8595053396723917 1.5429071738578364 0.9722527751835769 0.696439817305883 0.8776791411256513 1.5269883944879652 0.6345002784309263 0.17463295390178457 1.1149963444912419 1.2483715481226259 1.9541843153179217 0.650822970925182 1.128709023225845 2.477796908102596 0.543714771706306 0.1706241564427463 0.836839599737804 1.5217151885732059 0.49359872613578226 0.7223258661175651 0.9288896191038255 1.4507228006130044 0.6052381899599413 
1.0753410556559138 1.350816907180199 -0.025753900478094893 0.4737772727416588 3.1425527527565515 0.03418663029233282 0.2994279965861102 2.1199613678303724 1.0240771022760595 0.6167324456958949 2.534994809544716 0.2713297973259844 1.7289678596548739 2.2157405279865454 0.4749235311801785 0.4961392291136867 1.9827806634948444 1.3934688053202982 0.3690768771295676 2.477796908102596 0.49854546400095867 -0.03579856125332004 0.7041327804634396 0.9134186921831975 0.6082040648044076 0.3583563609484596 2.230527818040547 1.776194775661717 0.9383885801150614 0.06713812459322588 
1.37301422857343 0.42757969587887945 -0.7835869724178757 2.5747630279719957 0.9875978803497323 0.3594962231898231 0.7769194165550908 0.5563244175412522 1.0108594705050709 0.28592278615144473 1.0090230187650058 1.1538207328167793 -0.07211078207547716 2.7547741129576413 1.367025673432815 1.0554931627459392 -0.11237031753915572 1.1599356399234337 0.2313220097039661 0.543714771706306 -0.03579856125332004 1.6147065519009636 0.21388871055178227 1.9945992893814632 0.5284594939582354 1.5228459193175028 1.5012481679137104 1.4757344529209577 0.7528143740905298 0.14855573271871447 
0.7816234714151551 0.6707873929046397 1.3186956331737711 -0.395819920005791 0.7223259282250429 1.7570543264724328 -0.7079379897089606 2.175808680543816 0.8610180969070501 0.4157738646080672 1.4887718439219155 1.8494101928828317 0.7270595698010986 2.2258110231403725 0.6484862055208424 0.7886965748175023 0.18805082746899693 -0.19268427481501416 1.857332348717466 0.1706241564427463 0.7041327804634396 0.21388871055178227 1.1877259443159673 0.2681010995205434 1.6062717067552685 1.4620910153658278 1.1329803846673265 0.17171629285793322 1.0825916140515086 1.3159400211936418 
1.540397316256262 1.3758429461964834 -0.25150372634199236 0.6476845144110256 2.367174941440149 0.2497949753267994 1.9825439755655783 1.4547349211536504 0.6548616657659125 1.286516006899289 1.6341626807076506 0.7529296836437487 1.3493694676148515 -0.04962973982819174 0.04738087809116476 0.11392238258478837 0.9028065103139534 1.06799745539155 0.6200571255951508 0.836839599737804 0.9134186921831975 1.9945992893814632 0.2681010995205434 0.9032435317451748 2.1774496224146294 2.7309265216317216 0.9324619492728488 0.47814273206653823 0.7927963330757519 0.9132526206720812 
2.1300871315072585 0.9759757063930746 1.70563184139362 1.0673079025847545 0.5299790062138192 2.0498094113515006 2.8753320853019764 0.9349774854492604 0.011909651188958148 1.3751182736370053 0.764567119174211 1.388432891533493 0.11631276324658901 1.8899954900154585 2.2469783602354987 1.3360960002037339 1.5916497356193406 0.52073591975206 0.9382745230119609 1.5217151885732059 0.6082040648044076 0.5284594939582354 1.6062717067552685 2.1774496224146294 1.7392564047609627 -0.5436537778540851 1.564493748681568 -0.6776677960186341 1.6978304210273265 0.3110339631496928 
1.4614861715431715 0.6378840523472491 1.5535778221678664 -0.0589392759781906 0.06739258756887612 1.5458306822759946 1.279872652890632 1.008559142238518 0.7148917411877451 0.4253118728809254 0.873962846949306 -0.13317013034994774 0.6791234117466951 0.6300661674883976 1.2778199774396286 0.5995446657826808 1.060276081554007 1.1595101692425671 1.3089384838860854 0.49359872613578226 0.3583563609484596 1.5228459193175028 1.4620910153658278 2.7309265216317216 -0.5436537778540851 0.8491540197934084 0.927361763420851 1.4035989231143184 -0.9396334013712335 0.00038940317981017714 
0.022605565554864482 -0.04194333797358896 2.121289756259644 -0.3328997077806912 0.3791555949625801 1.0877764193110495 0.8377224601817885 0.7198983532610208 2.7449038830254957 0.6503981309435025 0.31650543291259736 0.6921887968512588 1.4061010666366076 0.9935954706060299 0.762493335967865 1.19898107793457 1.985324271270557 0.2966353783188427 1.014832683466069 0.7223258661175651 2.230527818040547 1.5012481679137104 1.1329803846673265 0.9324619492728488 1.564493748681568 0.927361763420851 0.5396552687770144 0.41469242112016425 2.272689358857005 2.8028331189407263 
1.0293107888757815 0.0753787157434137 0.9188756436908124 1.6312388444999382 1.4698748853405477 1.6835736715766192 0.14677828241440505 1.5422569620072024 1.4828041814844304 0.9468968420757715 1.804839014336711 1.4047133829767053 2.479850383395144 1.2697829844078234 1.0198753921132604 2.5964156223306354 0.28678292129742844 1.135747598199672 1.0338935758768437 0.9288896191038255 1.776194775661717 1.4757344529209577 0.17171629285793322 0.47814273206653823 -0.6776677960186341 1.4035989231143184 0.41469242112016425 1.614847857571511 1.1657271991745208 1.0531002452098093 
1.6824993846864067 0.6938654825632682 0.08891969264890665 1.8950596712353125 0.929259404493523 1.1042648727044793 -0.5257447379189473 -0.42303894602641967 1.5399618884388868 1.3897116833864938 0.6683559662294165 0.9503290466934702 0.7228336667476267 1.704819375645302 -0.37143827027501275 0.8963938273360119 1.320441944080537 1.1905239633012334 0.6875221763037866 1.4507228006130044 0.9383885801150614 0.7528143740905298 1.0825916140515086 0.7927963330757519 1.6978304210273265 -0.9396334013712335 2.272689358857005 1.1657271991745208 1.2023441539629167 0.48693024587243827 
2.398915598637124 1.0983559851926008 0.21594828908780417 -0.1583689128665593 1.2105164103273345 1.1975668369322996 1.156742424425594 1.6155749165024713 1.744789393247429 2.4587020791296377 0.6105810550659225 0.7563666282487946 0.8765468487773637 1.5742186331459744 1.0478142607065253 1.214694853939522 -0.49995436294723117 0.7904888052399568 -0.15532235678049644 0.6052381899599413 0.06713812459322588 0.14855573271871447 1.3159400211936418 0.9132526206720812 0.3110339631496928 0.00038940317981017714 2.8028331189407263 1.0531002452098093 0.48693024587243827 1.3186617900815085 
30
1.0588986619233693 1.3305456774456397 1.5524695963843236 1.159827918546451 1.4794114275935784 1.6257148119418474 0.35124399671031314 0.9162160562993547 -0.130100937799285 2.0481051369043914 -0.002774596083907843 2.0261244286478775 2.164435196818861 2.149050087912857 0.7834491954586531 1.528051914045348 2.2746977832658666 1.6844843023284486 -0.6914870820776249 1.3656186855225059 0.7216566446240102 0.6515047804989658 0.4737422542009635 -0.5099130168640049 1.660769186208984 0.6194188121438285 0.2887601420654169 0.5339489520813594 1.9498535763702152 0.9114751084171774 
1.3305456774456397 1.5388572982326727 0.5133133304127115 1.2600134211710357 1.6797626758230826 1.6400570593854527 1.7953109597365176 1.5418449223787571 0.5068616216324487 1.117115051293831 -0.5855757105984156 1.7767121137663886 2.7763345123689565 1.6578188738354434 -0.11485398673643976 -0.9402741218539727 -0.2669422614352903 1.1759438885734241 0.19157254348280794 1.7119241101439588 -0.7159423232041471 0.42435370351411816 1.0498509336306434 0.5909088780058187 1.1631181813486104 0.5975544578926718 1.1432202184979872 1.0541623882896518 2.1907175103543484 0.9583480226589721 
1.5524695963843236 0.5133133304127115 2.452891250066992 1.2936975949734055 0.5203078810690654 0.642231801916545 0.43788390723549686 2.756048289024428 0.9511959442446447 0.026647548484467265 0.8091508441505839 1.925837181163097 0.5199456184305504 1.8226501230272913 1.0984963681732232 1.1802438728060771 1.401827390228321 0.5409184084367946 1.3040284353326064 0.5630701658443917 0.11302362457573711 0.3871864502692487 0.7561804175904429 0.5746864676756753 1.9567810322117354 1.6514874376567783 0.44210828850299644 0.9580976540411938 0.8907736913800842 1.1143809704429566 
1.159827918546451 1.2600134211710357 1.2936975949734055 1.6425067974155039 0.5192540069397402 0.6233666585927895 0.8156813933339695 0.31056708403704036 0.8986724228764795 0.09109421751361346 2.1430035035074138 1.869012516317966 1.2429354799625831 1.8990549307659013 1.672078766259768 1.4855115705341257 1.802152877580836 1.8126879808297471 0.7288811315329249 1.8963634712844657 0.17446772756360762 2.2792589020397855 1.1181034939698469 1.0822525879245815 -0.15215935011287796 1.5775149259757164 0.21331768394593453 0.814331756830219 0.7149565451956836 -0.5574411732080631 
1.4794114275935784 1.6797626758230826 0.5203078810690654 0.5192540069397402 2.7786645213851493 0.9153780534976805 0.3050434520465034 1.7727551078084463 1.526037511552502 1.0045966029563773 1.611492416473651 0.38979122277832046 2.7952419847966454 1.400328997471203 1.208794013635865 -0.517371905021137 1.2533253886668922 2.4604610063893384 0.04726109462948069 1.0078160816974895 0.8046560946953714 0.22035647074069398 1.8716321745328317 0.4703701335102731 0.7926159624102188 -0.3565477947519451 0.8254153067982245 0.6681610138149652 0.7828755131078757 1.154824348953409 
1.6257148119418474 1.6400570593854527 0.642231801916545 0.6233666585927895 0.9153780534976805 1.101951556069331 1.5845675161320403 -0.5020109419905168 0.8404005375125359 0.8467872667604608 0.8401770941278325 0.6896843450241663 0.1260542826130846 0.3119822278938118 2.0311533932522448 -0.7980756929016359 -0.29363456707788593 1.7208595908933293 1.0400310416545162 0.5973431945342779 1.7453775915269585 -0.012073434131464778 2.980785526449273 1.3067195773994795 0.4961414882298306 0.421508472341232 1.7504839583072487 0.22497691891879157 0.4225059719026629 1.2415686227000697 
0.35124399671031314 1.7953109597365176 0.43788390723549686 0.8156813933339695 0.3050434520465034 1.5845675161320403 1.1945087796015175 0.08338403333741295 1.6370585338426191 1.8538717753122544 1.408957440668055 1.4709165091827368 1.1795225536911018 1.4352325422982064 1.602230977097551 0.6488098871488922 0.8072736643162933 0.40628176116841785 2.3559450964904523 0.7765389477658375 1.3303299525653622 -0.8653519721827789 0.5683846613705774 0.2721175910983977 2.0463779169322 2.1023492611342007 0.3065764314932442 -0.4372099043412918 1.2379250576108871 2.842130937934596 
0.9162160562993547 1.5418449223787571 2.756048289024428 0.31056708403704036 1.7727551078084463 -0.5020109419905168 0.08338403333741295 1.198742786857278 0.8801779167288124 0.8617358908588539 0.7387214731113145 1.4746197906661611 1.7677798193806558 0.3007780742416103 2.734286231152815 1.3818592890453838 2.014274861215931 0.9479428220610191 1.6018840991450096 1.064062434620073 0.2695704446635627 1.884166128175637 1.634800254722061 1.2592058337274386 1.3346615748046116 1.8952097811228428 1.921866970824083 2.746126310427692 3.0172270344743786 0.6777395136348483 
-0.130100937799285 0.5068616216324487 0.9511959442446447 0.8986724228764795 1.526037511552502 0.8404005375125359 1.6370585338426191 0.8801779167288124 -0.38883100531210335 1.9563602844730748 0.9729595021423235 2.9248590779307007 0.3864897640237688 -0.3642186149883935 0.8809466340444915 2.5987510612456526 -0.19594674180985328 0.7362260707869202 0.7237853189308827 1.5943070724430917 1.1137332952814416 1.6731738642847973 0.6898188328664976 -0.006073555672517772 1.3069742316403516 0.47325467344503847 1.1784958726991164 -0.21448012079428347 1.6550468698839993 1.4995947377035952 
2.0481051369043914 1.117115051293831 0.026647548484467265 0.09109421751361346 1.0045966029563773 0.8467872667604608 1.8538717753122544 0.8617358908588539 1.9563602844730748 -1.0919026233304345 0.7797888511339275 1.264024980946284 0.23068245234361606 2.145721953488324 0.8920475331307343 0.7239338388068812 0.9300462280397843 1.700048918310121 1.8781936336074474 -0.13856716883562714 0.6042526613880184 0.3312503435710421 -0.17285235018157308 0.5307393153027491 1.114901160273208 0.4162191412565619 0.8113116421961252 2.1299234257675543 1.0290374614112319 0.6572602689308704 
-0.002774596083907843 -0.5855757105984156 0.8091508441505839 2.1430035035074138 1.611492416473651 0.8401770941278325 1.408957440668055 0.7387214731113145 0.9729595021423235 0.7797888511339275 0.799850026022925 1.1713301513460306 1.2569909911920942 0.47101864397786375 1.433919089059506 0.4464614803720567 2.5365223619013832 1.3920951588325814 0.8353653532449768 -0.29721507016815485 3.7273413588967204 0.6996445768269954 1.7144350645508784 0.0834038352005746 2.3471050183838478 1.4035875845607397 1.1098618195824081 1.7863264439049549 0.10210170788786277 0.8150141244061703 
2.0261244286478775 1.7767121137663886 1.925837181163097 1.869012516317966 0.38979122277832046 0.6896843450241663 1.4709165091827368 1.4746197906661611 2.9248590779307007 1.264024980946284 1.1713301513460306 0.39601694465558024 1.4159776270450786 0.1881916623754012 0.47790442420637014 1.1368589793256625 0.9545817033235523 1.3651081680593498 1.2110285540668575 0.1619958663654255 0.7472652099151318 1.503098111034362 1.9965084947060083 1.1064438626472368 0.1918578732639179 0.7028829358883828 0.27298189649467597 0.39857982757117916 1.000230544464084 2.2930936877175525 
2.164435196818861 2.7763345123689565 0.5199456184305504 1.2429354799625831 2.7952419847966454 0.1260542826130846 1.1795225536911018 1.7677798193806558 0.3864897640237688 0.23068245234361606 1.2569909911920942 1.4159776270450786 0.6460906475985781 1.4162460061201818 1.3648856278441928 2.2383296495296 -0.21746462482051943 2.39818037996652 -0.00967781321691219 1.8602618826969604 0.12808941736606894 0.950101823002268 0.21013201052681174 0.18678832212309804 0.049387760643991974 2.098673477973293 0.1898734179937861 1.6646759820669828 0.6032446871817607 1.2525163433741286 
2.149050087912857 1.6578188738354434 1.8226501230272913 1.8990549307659013 1.400328997471203 0.3119822278938118 1.4352325422982064 0.3007780742416103 -0.3642186149883935 2.145721953488324 0.47101864397786375 0.1881916623754012 1.4162460061201818 -0.09432641376239537 0.7084500035620189 0.3001298069556053 0.529844073188511 1.105975094755168 1.8765931770306836 2.1578378348936864 -0.605469454830821 1.1582675090951282 2.2490236257139204 1.9972817989065703 1.2885425340448025 1.1972030792813422 2.299239550886865 1.5324880039183444 1.2675822844179734 1.4916642631784311 
0.7834491954586531 -0.11485398673643976 1.0984963681732232 1.672078766259768 1.208794013635865 2.0311533932522448 1.602230977097551 2.734286231152815 0.8809466340444915 0.8920475331307343 1.433919089059506 0.47790442420637014 1.3648856278441928 0.7084500035620189 2.098714910732795 0.9768711903054719 0.3013151121292319 1.0296351078777524 1.4321912772480456 0.47355480529234795 0.2912409470715889 0.9338545697847209 0.5127992484043933 0.9274704024207981 0.9143967266173542 0.7823530939143408 0.3838113475081998 -0.077727774055945 0.8488570673837104 1.5567175943657827 
1.528051914045348 -0.9402741218539727 1.1802438728060771 1.4855115705341257 -0.517371905021137 -0.7980756929016359 0.6488098871488922 1.3818592890453838 2.5987510612456526 0.7239338388068812 0.4464614803720567 1.1368589793256625 2.2383296495296 0.3001298069556053 0.9768711903054719 0.5784018534217346 -0.5255838438199041 1.3001894782742593 1.0046729418492935 1.4633387189477516 1.191439267496803 1.845047723764203 0.4083099845174599 1.7365438529714863 1.1344301130920411 0.017744594230251876 0.4401010598085391 0.5511692425762007 0.9851260040861225 0.8254903613292863 
2.2746977832658666 -0.2669422614352903 1.401827390228321 1.802152877580836 1.2533253886668922 -0.29363456707788593 0.8072736643162933 2.014274861215931 -0.19594674180985328 0.9300462280397843 2.5365223619013832 0.9545817033235523 -0.21746462482051943 0.529844073188511 0.3013151121292319 -0.5255838438199041 0.4865597686190054 1.404929410108733 1.2948026455271648 -0.3703553503483814 1.8793705602488346 0.9386023003207451 1.5386679249514366 -0.15201834089770827 0.5897440597162402 0.23102674282523816 -0.18418315772079907 1.593890427366965 0.5747423098691326 0.2655359003845086 
1.6844843023284486 1.1759438885734241 0.5409184084367946 1.8126879808297471 2.4604610063893384 1.7208595908933293 0.40628176116841785 0.9479428220610191 0.7362260707869202 1.700048918310121 1.3920951588325814 1.3651081680593498 2.39818037996652 1.105975094755168 1.0296351078777524 1.3001894782742593 1.404929410108733 2.545095474857418 1.437953656493321 1.1102036849021824 0.988656025922131 1.4922226520487183 0.0008700145715531127 -0.2527160342225063 0.14729326474620974 0.6840659256804793 1.033321952237308 -0.7508316604950089 1.506753708574551 -0.14424760029058237 
-0.6914870820776249 0.19157254348280794 1.3040284353326064 0.7288811315329249 0.04726109462948069 1.0400310416545162 2.3559450964904523 1.6018840991450096 0.7237853189308827 1.8781936336074474 0.8353653532449768 1.2110285540668575 -0.00967781321691219 1.8765931770306836 1.4321912772480456 1.0046729418492935 1.2948026455271648 1.437953656493321 -0.12459046640999305 -0.15272845520321154 2.4936681512971077 2.639752087444519 -0.3413250606877205 1.4485360608413846 -0.27364987316324463 1.950155219932134 0.3201794446398316 0.8984408963888432 2.4563903641137905 2.2381049159535316 
1.3656186855225059 1.7119241101439588 0.5630701658443917 1.8963634712844657 1.0078160816974895 0.5973431945342779 0.7765389477658375 1.064062434620073 1.5943070724430917 -0.13856716883562714 -0.29721507016815485 0.1619958663654255 1.8602618826969604 2.1578378348936864 0.47355480529234795 1.4633387189477516 -0.3703553503483814 1.1102036849021824 -0.15272845520321154 0.8185718473376838 1.0939127710953445 0.6058220372808506 1.2763070918515202 0.5566121574934944 0.6400590798847344 0.26150993925774424 1.4795603831100272 1.1663449322584167 1.0288379532187217 1.175525926157607 
0.7216566446240102 -0.7159423232041471 0.11302362457573711 0.17446772756360762 0.8046560946953714 1.7453775915269585 1.3303299525653622 0.2695704446635627 1.1137332952814416 0.6042526613880184 3.7273413588967204 0.7472652099151318 0.12808941736606894 -0.605469454830821 0.2912409470715889 1.191439267496803 1.8793705602488346 0.988656025922131 2.4936681512971077 1.0939127710953445 0.987257069655897 -0.7540845727532528 1.8007297501031578 1.9932323706733666 1.2236094043801908 1.1554813263133252 -0.10952735577278983 1.9642994452352407 2.0834387548556315 0.6603654251594706 
0.6515047804989658 0.42435370351411816 0.3871864502692487 2.2792589020397855 0.22035647074069398 -0.012073434131464778 -0.8653519721827789 1.884166128175637 1.6731738642847973 0.3312503435710421 0.6996445768269954 1.503098111034362 0.950101823002268 1.1582675090951282 0.9338545697847209 1.845047723764203 0.9386023003207451 1.4922226520487183 2.639752087444519 0.6058220372808506 -0.7540845727532528 0.6246729371252782 0.5355998253180061 1.0516341839432037 0.5395343199957873 2.8759596396429203 2.761647802157239 2.0536948907347417 0.2080240831355571 1.4775048579944627 
0.4737422542009635 1.0498509336306434 0.7561804175904429 1.1181034939698469 1.8716321745328317 2.980785526449273 0.5683846613705774 1.634800254722061 0.6898188328664976 -0.17285235018157308 1.7144350645508784 1.9965084947060083 0.21013201052681174 2.2490236257139204 0.5127992484043933 0.4083099845174599 1.5386679249514366 0.0008700145715531127 -0.3413250606877205 1.2763070918515202 1.8007297501031578 0.5355998253180061 0.3163308214982389 1.4521722463042115 1.8638368476922604 0.6118888138472058 0.9179723116240196 0.9330150533867689 1.2515280827751532 1.0971165264020633 
-0.5099130168640049 0.5909088780058187 0.5746864676756753 1.0822525879245815 0.4703701335102731 1.3067195773994795 0.2721175910983977 1.2592058337274386 -0.006073555672517772 0.5307393153027491 0.0834038352005746 1.1064438626472368 0.18678832212309804 1.9972817989065703 0.9274704024207981 1.7365438529714863 -0.15201834089770827 -0.2527160342225063 1.4485360608413846 0.5566121574934944 1.9932323706733666 1.0516341839432037 1.4521722463042115 1.0919955345461807 2.11988654731839 0.17508093313467188 -0.022193812189925666 0.527129864737524 1.1707367259223953 1.6414074250823678 
1.660769186208984 1.1631181813486104 1.9567810322117354 -0.15215935011287796 0.7926159624102188 0.4961414882298306 2.0463779169322 1.3346615748046116 1.3069742316403516 1.114901160273208 2.3471050183838478 0.1918578732639179 0.049387760643991974 1.2885425340448025 0.9143967266173542 1.1344301130920411 0.5897440597162402 0.14729326474620974 -0.27364987316324463 0.6400590798847344 1.2236094043801908 0.5395343199957873 1.8638368476922604 2.11988654731839 1.5730549700614382 2.080877744567739 3.0605299988131427 1.4100127693039366 1.224236878386434 0.42321688259971757 
0.6194188121438285 0.5975544578926718 1.6514874376567783 1.5775149259757164 -0.3565477947519451 0.421508472341232 2.1023492611342007 1.8952097811228428 0.47325467344503847 0.4162191412565619 1.4035875845607397 0.7028829358883828 2.098673477973293 1.1972030792813422 0.7823530939143408 0.017744594230251876 0.23102674282523816 0.6840659256804793 1.950155219932134 0.26150993925774424 1.1554813263133252 2.8759596396429203 0.6118888138472058 0.17508093313467188 2.080877744567739 1.2856396926330675 0.9848267476850647 0.7111070093870733 0.620725004733108 2.2529569048521565 
0.2887601420654169 1.1432202184979872 0.44210828850299644 0.21331768394593453 0.8254153067982245 1.7504839583072487 0.3065764314932442 1.921866970824083 1.1784958726991164 0.8113116421961252 1.1098618195824081 0.27298189649467597 0.1898734179937861 2.299239550886865 0.3838113475081998 0.4401010598085391 -0.18418315772079907 1.033321952237308 0.3201794446398316 1.4795603831100272 -0.10952735577278983 2.761647802157239 0.9179723116240196 -0.022193812189925666 3.0605299988131427 0.9848267476850647 0.17193197182946118 2.485976687021981 0.33192090123337836 0.12987281102208226 
0.5339489520813594 1.0541623882896518 0.9580976540411938 0.814331756830219 0.6681610138149652 0.22497691891879157 -0.4372099043412918 2.746126310427692 -0.21448012079428347 2.1299234257675543 1.7863264439049549 0.39857982757117916 1.6646759820669828 1.5324880039183444 -0.077727774055945 0.5511692425762007 1.593890427366965 -0.7508316604950089 0.8984408963888432 1.1663449322584167 1.9642994452352407 2.0536948907347417 0.9330150533867689 0.527129864737524 1.4100127693039366 0.7111070093870733 2.485976687021981 2.223540111946865 2.5608678509503484 2.0895374836259064 
1.9498535763702152 2.1907175103543484 0.8907736913800842 0.7149565451956836 0.7828755131078757 0.4225059719026629 1.2379250576108871 3.0172270344743786 1.6550468698839993 1.0290374614112319 0.10210170788786277 1.000230544464084 0.6032446871817607 1.2675822844179734 0.8488570673837104 0.9851260040861225 0.5747423098691326 1.506753708574551 2.4563903641137905 1.0288379532187217 2.0834387548556315 0.2080240831355571 1.2515280827751532 1.1707367259223953 1.224236878386434 0.620725004733108 0.33192090123337836 2.5608678509503484 2.0633258284072387 2.1421771492574804 
0.9114751084171774 0.9583480226589721 1.1143809704429566 -0.5574411732080631 1.154824348953409 1.2415686227000697 2.842130937934596 0.6777395136348483 1.4995947377035952 0.6572602689308704 0.8150141244061703 2.2930936877175525 1.2525163433741286 1.4916642631784311 1.5567175943657827 0.8254903613292863 0.2655359003845086 -0.14424760029058237 2.2381049159535316 1.175525926157607 0.6603654251594706 1.4775048579944627 1.0971165264020633 1.6414074250823678 0.42321688259971757 2.2529569048521565 0.12987281102208226 2.0895374836259064 2.1421771492574804 0.37350204180027635 
30
0.6888824504344722 1.1245192477202057 0.3511019358109295 1.5096499464414235 0.18061402474407684 3.007692234445274 1.3221491067755782 2.3141930995365514 1.9787918544170975 1.0825931733134446 0.7314065789530291 0.2968091769583916 0.10033993303555588 2.2426877855380813 1.4297621889140408 1.349941730437412 2.3324959276867476 2.135911616351919 1.2578844153368325 1.455166169231069 2.4302240684119183 1.3357623179258264 1.7301250418415592 2.0734526133422215 0.942822454922525 3.270478038152744 1.6727398023744675 0.6702990402623484 1.7072471206809365 0.17489838147369152 
1.1245192477202057 1.4055644091849706 1.860775654962144 1.5632827839700636 0.8567927187886984 0.35099310613349255 0.3738110537957542 2.0002395646941773 0.5708313064924109 2.3064830958288427 0.5190004257208044 0.7619646927665478 0.3292790167500228 2.215059366340952 1.3968063530218116 0.8101297116775363 0.32129674800483266 1.0362925939150636 0.8249783582537313 -0.04905444719770613 2.3739023974661864 0.09974477113290714 1.6739758097352149 0.7824492656481938 2.208526778719805 1.841987101359094 -0.1946530374737827 2.203748620752364 0.44978467804312416 2.6951571783109687 
0.3511019358109295 1.860775654962144 1.5874779838768838 2.148415292940088 2.6342297741502465 0.23528796932261464 -0.5683246147151146 0.5277430312205257 1.442990371324665 2.172924729751081 1.3541685600728866 0.17268862269837226 2.027487531880526 1.5048080990991441 0.13100318018863666 -0.4007784803177892 -0.1505073997167743 1.4826858096589997 1.0202118004112903 0.09495039415984163 1.6520828838250987 1.0126024313014397 1.3410468333247152 0.9298000545646405 1.2251106594524106 1.2058775348150148 0.945780875211302 1.3715786687614506 0.9154244486324452 2.2766247319987056 
1.5096499464414235 1.5632827839700636 2.148415292940088 0.17714931335221185 1.8548620269054732 0.9560078232151102 1.2749000169547795 0.563496315152413 1.239445858081215 0.47531764233013984 1.7722884328459516 1.4279346477765529 1.3439721604736383 0.6516764745821364 1.3912363281645852 1.6668117701013516 1.724036387981328 1.8060542851591501 1.091485236484033 0.8234938947345304 0.04214740859023891 0.01566915144972736 1.8981401645267932 1.2814730487804322 0.949386949892574 1.7270008348716308 0.6398318524161388 1.6918515299398789 0.957180798229013 1.7466713494712642 
0.18061402474407684 0.8567927187886984 2.6342297741502465 1.8548620269054732 0.4883138415029675 2.112748468922671 0.7987679134116401 2.0656980140807493 1.1644948198041862 0.7163134863798153 1.035922834760892 1.0135477190150393 0.05335078003178917 -0.3063968355128943 1.1698335184930453 0.6473904094232361 1.1346496459898168 1.0365257716500853 1.3180985765323119 0.03391029680683544 1.043965877400407 0.3059811335051731 1.2008424501548456 0.688666061000585 1.0333092597861973 1.2340752761552887 1.0716395077679928 0.5786854399958651 1.217526568922283 0.5424408317376854 
3.007692234445274 0.35099310613349255 0.23528796932261464 0.9560078232151102 2.112748468922671 2.1022928757675086 1.5127263598456313 3.1218109044127065 1.111394684516616 1.1309519010123135 0.7214497888364177 1.2460870257593115 1.0003031408091747 0.9219436888203971 1.2318702101567776 0.53747964382674 0.38085463820126986 0.7875443435448928 0.35668859142439047 1.4077676648908133 1.018371443287407 0.973861218179991 1.0841660644372966 0.26050500268189536 0.33161545070534093 1.504776320701911 0.9248561221358742 1.1846832916124632 1.1761435721322198 1.7208156322542416 
1.3221491067755782 0.3738110537957542 -0.5683246147151146 1.2749000169547795 0.7987679134116401 1.5127263598456313 1.5502998363735385 1.379503529163539 0.7615503316051562 1.665185007111211 1.321669696354324 0.13874254806026975 0.07856052206926267 1.204673263655325 0.8770235261116053 -0.5403051553597154 0.8044365540620784 0.03664682587017343 2.1408634963227198 0.37454103983933984 0.4274594140271367 0.6343338141766774 -0.18197650762433848 0.8619581132143685 1.5264288176680154 0.6201700896152902 0.9457754736112545 2.1894065931793056 2.208376981737193 0.0020527974920137027 
2.3141930995365514 2.0002395646941773 0.5277430312205257 0.563496315152413 2.0656980140807493 3.1218109044127065 1.379503529163539 0.446399492903533 2.1135667226629753 2.9157639115895475 -0.13232742796099717 2.3136282667981005 1.267615402096658 3.0788072138359808 1.4859703464230751 0.48176235189407435 2.028881803968555 0.48852373482119404 -0.9871466561024631 0.9750665892734223 1.3074478024283644 -1.1092510152771342 1.806760309711659 1.5902624296284018 0.4581485545606545 -0.817638951969833 -0.24823397723525642 -0.24603140383726707 1.1585438986378118 3.457244847921445 
1.9787918544170975 0.5708313064924109 1.442990371324665 1.239445858081215 1.1644948198041862 1.111394684516616 0.7615503316051562 2.1135667226629753 2.0561043541768163 0.18959127974368617 1.580571609794263 0.27805876296025 0.5979704780082551 0.29923434466054766 -0.24630426180828158 1.0904283485607862 0.7605301705190831 0.44729657234045905 0.7599676153950696 0.9855968750165589 1.7261916260076695 1.094151362238898 0.1368568396157337 0.6974635809675769 0.2691077654247429 2.574747902131767 0.4504778522446311 0.08842505324272554 -0.33582865693636066 1.3413249851048052 
