comment: Gauss testing, modified w/ rv=0, else to max, very heavy
0
100
3
0
1
1
1
1
30
-0.18490123096606936 0.4443851639278604 2.5601537303520474 1.889434238142147 0.5289579480438589 1.7919889246458673 1.3960075570571373 0.6567163725280094 2.2568348468017314 0.012293765987077987 1.858135846148564 0.5830655040962038 1.1975333175530278 -0.05366674861227949 1.1198603826091909 -0.6310157303404482 0.8647192137633896 2.2850575141453646 -1.1553360014465395 0.3969310676802724 2.137785462308882 0.5248098419603386 0.4122208009380698 1.4549865155762884 1.3293874102910066 0.8107536659787417 0.36157856994708426 1.5100978000847056 1.580968382492944 1.7895355844757963 
0.4443851639278604 1.2593515911186262 0.32781033931719394 1.3839342074903171 1.5910096046378972 0.7676816239252596 0.9347915699929075 -0.04794746106377179 0.11153105271919328 0.8082595369590604 1.4397389981732136 1.5969158381820763 0.19074879331287897 0.5805774090491987 1.8142549123131535 1.322762377013977 1.6369922818413976 1.1606862320526803 0.32026098750571286 2.1318993906841195 2.623233221672767 1.0320364585697557 0.8705927362942567 0.6649456433917611 0.30809357587506225 1.438332843275477 0.3074498760942519 2.0883248376224293 1.7492180664335226 2.1565754230188876 
2.5601537303520474 0.32781033931719394 1.33046536498766 0.26150519450142495 1.2787655507929856 1.0529704954957895 1.5291345570204882 -0.7440130983159818 0.7700850029934899 0.6275936544360462 0.9651374270053608 1.5462969391716175 2.2001998034471275 0.3498789545505889 0.40049596198635784 0.38980461465659144 0.8167397662639777 1.0458003607505504 1.7627679938891911 1.0740567459388264 1.5239620021404274 1.768943236105717 0.9577731461254786 2.6911952086427107 0.8080128134406298 1.195272463987179 1.345485430214047 0.4180378435463121 0.6388177103224252 0.381745872474757 
1.889434238142147 1.3839342074903171 0.26150519450142495 -0.37350892306581107 1.0424310574695963 1.9932078698288642 0.4758424458603212 1.4442397245673106 -0.14390382026346504 1.1132739153082394 1.316371481246545 0.8768700576666772 2.1406126228369216 1.340931920403844 1.2621029291540347 0.4043593282983925 0.47875670224887257 2.014466323078092 0.07539956578831042 -0.845985887322733 1.6804201104128054 1.8123661548889896 0.2261569297492505 0.7832343952852333 1.3111042973012528 1.8870242897385296 0.806006466778367 0.5235044397554314 2.7587022104379413 -0.9264255604352749 
0.5289579480438589 1.5910096046378972 1.2787655507929856 1.0424310574695963 0.6101433696774321 1.2088252941842303 1.9571936260641718 1.250230874178755 1.1003369536916305 2.2976422356648936 1.7258728804369765 0.2516581133980029 0.7098466126878769 1.5826928244441905 0.2536356637538386 1.5002481003044137 0.17590836532236231 0.4065280048433939 1.9264733269837504 1.195650905409472 0.74355671285524 0.41820626309135267 0.8252450117069542 1.4644732660093553 0.6653051730796742 2.2509631519653923 1.2388451179785984 -0.5940832421566116 -0.16660784078688318 0.7019421605356017 
1.7919889246458673 0.7676816239252596 1.0529704954957895 1.9932078698288642 1.2088252941842303 1.7805673553475434 0.6098601198348708 0.45575517508627983 1.5973600747419199 1.2463030873679233 0.7960978240520518 0.03324391135812821 1.5130486678274473 2.1713488853980563 1.2995608605087166 0.16483952421402082 0.07105776944418996 1.3854556201666552 0.23752816403639343 0.3233242274232331 0.7281019866500302 2.175830794997605 0.7089568442584051 -0.2636513568225016 2.228559811736625 0.6069618287938574 0.9209763536226216 0.47660231339528303 1.0323518234224784 1.7712401794228039 
1.3960075570571373 0.9347915699929075 1.5291345570204882 0.4758424458603212 1.9571936260641718 0.6098601198348708 0.7403375652145813 0.9967084780014936 0.9871384653319066 0.139867512415893 0.6326766167856546 2.172253619413631 1.0588046234934068 1.3969940736467847 0.36388894728637844 1.271138044975121 0.6547228713768602 2.0584288520070047 -0.25060825687073307 1.7229577361849215 1.3704367550930685 0.7456818490879964 2.5498904731524425 0.9954621873727437 0.31549912771446087 0.0755623948525983 1.5404267196785568 0.11506403447083358 2.1083954904447166 0.2257716120523251 
0.6567163725280094 -0.04794746106377179 -0.7440130983159818 1.4442397245673106 1.250230874178755 0.45575517508627983 0.9967084780014936 -0.7670120425789735 0.9998454592486448 0.9907323758361717 0.2726391086182446 1.675929926136861 0.9190505593063153 1.4044280904550577 0.4054155476925081 2.1256334668957804 0.8517306196963896 1.2189921168548994 1.3303405520051106 0.7801883556303635 0.9086224775620836 0.7008565355694321 0.1935903273971371 1.3648650981811978 3.0715037773954865 0.465540650175045 -0.18530251545297816 1.3102998216427346 1.9520788551451613 -0.7477337086361953 
2.2568348468017314 0.11153105271919328 0.7700850029934899 -0.14390382026346504 1.1003369536916305 1.5973600747419199 0.9871384653319066 0.9998454592486448 0.8072553350918539 0.46888426261609406 1.3568159653729113 0.8416072549331929 1.6979561150212965 2.362223284515342 1.9890598315134325 1.6550508092130358 3.0774724609676083 2.5547771483001487 1.5935860496045366 1.2335699066719603 1.3599495930600574 0.02807253115387698 2.059188077479766 1.8581475129619962 1.6095705121655195 1.2705134433034897 1.9756624978046506 0.4093647558949457 1.1882610174758987 2.2055407989532814 
0.012293765987077987 0.8082595369590604 0.6275936544360462 1.1132739153082394 2.2976422356648936 1.2463030873679233 0.139867512415893 0.9907323758361717 0.46888426261609406 0.19081570275870885 1.7832668906522464 0.39824195894895964 3.6944539195244577 1.2868901371989292 1.5446370777454246 0.5802409924388837 -0.6576160921892886 1.8627811746379304 2.186913742925695 0.6810881135037183 2.2450246434970165 0.24300945808168362 1.3648036982235627 0.6882215229924931 2.2590548177192478 1.4158407887324276 1.853650096553849 1.163915186157208 0.5764922659045129 0.9436510143261332 
1.858135846148564 1.4397389981732136 0.9651374270053608 1.316371481246545 1.7258728804369765 0.7960978240520518 0.6326766167856546 0.2726391086182446 1.3568159653729113 1.7832668906522464 0.6706446497184451 0.8322291560323947 2.47309223746763 2.8444831062256233 1.9139510504702113 0.7351809846170871 1.2659312475526123 1.1061645336719068 -0.6558847740116402 1.2689403152694911 -0.5215971347543626 0.08362024301342075 1.1440583436551397 -0.49751232060610295 0.6040996080888976 1.3409696983877388 1.991094792347389 0.7277904661727836 1.307751844641162 0.9236980628095981 
0.5830655040962038 1.5969158381820763 1.5462969391716175 0.8768700576666772 0.2516581133980029 0.03324391135812821 2.172253619413631 1.675929926136861 0.8416072549331929 0.39824195894895964 0.8322291560323947 0.33899775603154325 2.426465540906062 2.2189080441141797 0.7746301963904862 0.7194256540198283 0.7644347152932214 0.7882611857646258 -0.09215289964542506 0.4662537680958434 1.5048164546145157 0.525593741757953 0.37128372204819704 0.9869431369625057 0.7451724458781928 1.144764333943395 1.4649770121038639 1.426050856685893 0.5432316004419584 1.6750874086278855 
1.1975333175530278 0.19074879331287897 2.2001998034471275 2.1406126228369216 0.7098466126878769 1.5130486678274473 1.0588046234934068 0.9190505593063153 1.6979561150212965 3.6944539195244577 2.47309223746763 2.426465540906062 1.81117070898895 0.5949941522940624 0.8030171448130222 0.8781261328291912 -0.0910281556011594 1.9090570623255618 2.664301335149397 0.9656889612798344 1.5975629885521418 1.8609915614918846 1.6176514659440153 0.3933754786053578 0.659526873548069 0.10453411414827563 0.3777483203436369 -0.03399264585697015 1.3227504224402171 1.5606356282987504 
-0.05366674861227949 0.5805774090491987 0.3498789545505889 1.340931920403844 1.5826928244441905 2.1713488853980563 1.3969940736467847 1.4044280904550577 2.362223284515342 1.2868901371989292 2.8444831062256233 2.2189080441141797 0.5949941522940624 1.3733201933864285 0.365150760089896 1.011639773203138 -0.5413116109750782 -0.050159226404820734 2.0841391528264444 1.3385165680862996 1.6987043229316394 0.6122135188956283 1.7756006738952732 0.22477925658437836 2.04934287567439 0.5527506577526597 1.8725530057503206 1.9054724482606265 2.158961478099185 2.040141728024401 
1.1198603826091909 1.8142549123131535 0.40049596198635784 1.2621029291540347 0.2536356637538386 1.2995608605087166 0.36388894728637844 0.4054155476925081 1.9890598315134325 1.5446370777454246 1.9139510504702113 0.7746301963904862 0.8030171448130222 0.365150760089896 1.2703826780182352 1.8723982533007288 1.49549542801231 0.23940993099916552 1.1244662255281455 1.1773881887635151 0.369638317521203 0.46642548899212277 0.44399346371140225 2.031034437111702 1.2808429762747777 1.6188897092951402 0.689617065659138 -0.11088873514418807 1.366081301396139 -0.023245884914004256 
-0.6310157303404482 1.322762377013977 0.38980461465659144 0.4043593282983925 1.5002481003044137 0.16483952421402082 1.271138044975121 2.1256334668957804 1.6550508092130358 0.5802409924388837 0.7351809846170871 0.7194256540198283 0.8781261328291912 1.011639773203138 1.8723982533007288 0.9226751582047158 -0.3720609283529537 0.493779622323707 -0.2772457429307684 1.2292213195539026 1.3339668996961975 0.9029457739701664 1.347536376485144 0.6671719714393423 0.955152178131175 1.6177455234030238 1.0238279282648008 1.2787526087233094 -0.4385886763962421 1.1809786387681651 
0.8647192137633896 1.6369922818413976 0.8167397662639777 0.47875670224887257 0.17590836532236231 0.07105776944418996 0.6547228713768602 0.8517306196963896 3.0774724609676083 -0.6576160921892886 1.2659312475526123 0.7644347152932214 -0.0910281556011594 -0.5413116109750782 1.49549542801231 -0.3720609283529537 2.048120972660514 0.674614901891863 0.8537440060106698 1.0196418199042567 1.0024035395601123 1.3540512690369622 1.3104462297723771 1.382351479813014 1.4704783887705575 0.536300185314903 -0.9703817218211599 -1.121136039172816 1.9974454231589989 0.8198791361546552 
2.2850575141453646 1.1606862320526803 1.0458003607505504 2.014466323078092 0.4065280048433939 1.3854556201666552 2.0584288520070047 1.2189921168548994 2.5547771483001487 1.8627811746379304 1.1061645336719068 0.7882611857646258 1.9090570623255618 -0.050159226404820734 0.23940993099916552 0.493779622323707 0.674614901891863 -0.05870318596750779 0.785784410756823 2.7792459645611274 0.06616688633196344 -0.4654778231258796 2.010830673137461 2.193768097233788 0.2835435656922062 0.9989093684454327 0.984018409329581 0.2934283403187089 -1.2731983566286753 0.49527784590378465 
-1.1553360014465395 0.32026098750571286 1.7627679938891911 0.07539956578831042 1.9264733269837504 0.23752816403639343 -0.25060825687073307 1.3303405520051106 1.5935860496045366 2.186913742925695 -0.6558847740116402 -0.09215289964542506 2.664301335149397 2.0841391528264444 1.1244662255281455 -0.2772457429307684 0.8537440060106698 0.785784410756823 1.3534486571013393 1.4990473067912247 0.8307630278323379 2.5122912323073723 -0.34490708175155493 1.2677141178249296 1.5346405851821783 1.70569688429191 -0.043129116200721684 -0.10360353016655943 1.497397343304204 1.1668083033347443 
0.3969310676802724 2.1318993906841195 1.0740567459388264 -0.845985887322733 1.195650905409472 0.3233242274232331 1.7229577361849215 0.7801883556303635 1.2335699066719603 0.6810881135037183 1.2689403152694911 0.4662537680958434 0.9656889612798344 1.3385165680862996 1.1773881887635151 1.2292213195539026 1.0196418199042567 2.7792459645611274 1.4990473067912247 0.2368305377909955 0.7499982302599643 -0.3274636989245874 2.0168677919350353 2.191025378640237 1.6846661581778704 0.12349688101418343 0.3701425465345328 0.9898244661919433 1.1647931687245 1.7296794559220836 
2.137785462308882 2.623233221672767 1.5239620021404274 1.6804201104128054 0.74355671285524 0.7281019866500302 1.3704367550930685 0.9086224775620836 1.3599495930600574 2.2450246434970165 -0.5215971347543626 1.5048164546145157 1.5975629885521418 1.6987043229316394 0.369638317521203 1.3339668996961975 1.0024035395601123 0.06616688633196344 0.8307630278323379 0.7499982302599643 1.1104886495617408 2.2826277650881073 0.07460744070624192 0.7859681456134366 2.5540167049574256 0.823553790124388 0.8662259764041367 0.5479341013462047 1.5881030694036946 1.021400743381761 
0.5248098419603386 1.0320364585697557 1.768943236105717 1.8123661548889896 0.41820626309135267 2.175830794997605 0.7456818490879964 0.7008565355694321 0.02807253115387698 0.24300945808168362 0.08362024301342075 0.525593741757953 1.8609915614918846 0.6122135188956283 0.46642548899212277 0.9029457739701664 1.3540512690369622 -0.4654778231258796 2.5122912323073723 -0.3274636989245874 2.2826277650881073 0.7793225189564558 -0.20651995803344825 1.0384458153059195 1.7475418433983971 1.5892267146450636 1.5101264771765424 2.0201341103592183 1.40836293598552 1.4467679626008851 
0.4122208009380698 0.8705927362942567 0.9577731461254786 0.2261569297492505 0.8252450117069542 0.7089568442584051 2.5498904731524425 0.1935903273971371 2.059188077479766 1.3648036982235627 1.1440583436551397 0.37128372204819704 1.6176514659440153 1.7756006738952732 0.44399346371140225 1.347536376485144 1.3104462297723771 2.010830673137461 -0.34490708175155493 2.0168677919350353 0.07460744070624192 -0.20651995803344825 -0.24049574743903368 0.9171191345447613 1.5212289561044914 1.4082083969817598 0.9415906045108734 1.7818098911668283 0.25078116958265584 0.7595410909310631 
1.4549865155762884 0.6649456433917611 2.6911952086427107 0.7832343952852333 1.4644732660093553 -0.2636513568225016 0.9954621873727437 1.3648650981811978 1.8581475129619962 0.6882215229924931 -0.49751232060610295 0.9869431369625057 0.3933754786053578 0.22477925658437836 2.031034437111702 0.6671719714393423 1.382351479813014 2.193768097233788 1.2677141178249296 2.191025378640237 0.7859681456134366 1.0384458153059195 0.9171191345447613 0.5329073117530209 1.2950032108536491 1.0569479639456645 2.085109461624042 1.660370639095203 -0.20724990627730433 0.4068664220307878 
1.3293874102910066 0.30809357587506225 0.8080128134406298 1.3111042973012528 0.6653051730796742 2.228559811736625 0.31549912771446087 3.0715037773954865 1.6095705121655195 2.2590548177192478 0.6040996080888976 0.7451724458781928 0.659526873548069 2.04934287567439 1.2808429762747777 0.955152178131175 1.4704783887705575 0.2835435656922062 1.5346405851821783 1.6846661581778704 2.5540167049574256 1.7475418433983971 1.5212289561044914 1.2950032108536491 1.9936842015948018 0.24454705702801005 0.9030448593633862 1.0482155633610128 1.8391720256564645 1.699660478760919 
0.8107536659787417 1.438332843275477 1.195272463987179 1.8870242897385296 2.2509631519653923 0.6069618287938574 0.0755623948525983 0.465540650175045 1.2705134433034897 1.4158407887324276 1.3409696983877388 1.144764333943395 0.10453411414827563 0.5527506577526597 1.6188897092951402 1.6177455234030238 0.536300185314903 0.9989093684454327 1.70569688429191 0.12349688101418343 0.823553790124388 1.5892267146450636 1.4082083969817598 1.0569479639456645 0.24454705702801005 1.0297564249849305 2.101936492114797 3.457965748653896 1.6211568628290234 1.324392699069024 
0.36157856994708426 0.3074498760942519 1.345485430214047 0.806006466778367 1.2388451179785984 0.9209763536226216 1.5404267196785568 -0.18530251545297816 1.9756624978046506 1.853650096553849 1.991094792347389 1.4649770121038639 0.3777483203436369 1.8725530057503206 0.689617065659138 1.0238279282648008 -0.9703817218211599 0.984018409329581 -0.043129116200721684 0.3701425465345328 0.8662259764041367 1.5101264771765424 0.9415906045108734 2.085109461624042 0.9030448593633862 2.101936492114797 2.4566818449283234 1.250075613545915 1.233556604774577 1.6104903626826013 
1.5100978000847056 2.0883248376224293 0.4180378435463121 0.5235044397554314 -0.5940832421566116 0.47660231339528303 0.11506403447083358 1.3102998216427346 0.4093647558949457 1.163915186157208 0.7277904661727836 1.426050856685893 -0.03399264585697015 1.9054724482606265 -0.11088873514418807 1.2787526087233094 -1.121136039172816 0.2934283403187089 -0.10360353016655943 0.9898244661919433 0.5479341013462047 2.0201341103592183 1.7818098911668283 1.660370639095203 1.0482155633610128 3.457965748653896 1.250075613545915 1.6849052890218323 -0.14733578620910492 1.6501138246582876 
1.580968382492944 1.7492180664335226 0.6388177103224252 2.7587022104379413 -0.16660784078688318 1.0323518234224784 2.1083954904447166 1.9520788551451613 1.1882610174758987 0.5764922659045129 1.307751844641162 0.5432316004419584 1.3227504224402171 2.158961478099185 1.366081301396139 -0.4385886763962421 1.9974454231589989 -1.2731983566286753 1.497397343304204 1.1647931687245 1.5881030694036946 1.40836293598552 0.25078116958265584 -0.20724990627730433 1.8391720256564645 1.6211568628290234 1.233556604774577 -0.14733578620910492 2.8223905857436145 0.6471627863928886 
1.7895355844757963 2.1565754230188876 0.381745872474757 -0.9264255604352749 0.7019421605356017 1.7712401794228039 0.2257716120523251 -0.7477337086361953 2.2055407989532814 0.9436510143261332 0.9236980628095981 1.6750874086278855 1.5606356282987504 2.040141728024401 -0.023245884914004256 1.1809786387681651 0.8198791361546552 0.49527784590378465 1.1668083033347443 1.7296794559220836 1.021400743381761 1.4467679626008851 0.7595410909310631 0.4068664220307878 1.699660478760919 1.324392699069024 1.6104903626826013 1.6501138246582876 0.6471627863928886 1.1723320220248974 
30
1.2035650189607647 -0.9729314256290917 0.43368362109687075 -0.31090859368824897 0.4409776822899496 0.11202363234061496 1.7457824934182848 0.4481124917221463 1.2418733372258215 1.194306872330954 0.9557728145789826 0.36986895207725323 0.9461386866379335 0.9090452923056818 1.153374855123715 1.6933089782714044 2.057767008086934 2.1241518199420186 1.2269915913625107 2.150184490445233 0.0622825486053622 0.9063553862030264 1.1638729018660834 0.6801278749733488 0.21008505266810296 0.24402682288531152 1.526259976058033 2.0781457018300618 1.252494114457988 0.6165500219640485 
-0.9729314256290917 1.217473219289158 -0.6990175674150543 1.366371388918507 1.5900876903335925 0.4881465246794715 1.4836807941546866 0.7149366003975035 0.3140633898140489 0.6489457826710519 2.127627581889236 0.5527715254035452 1.9425832837211203 1.2150959609047596 2.2252149715029326 1.728829090101181 0.6786417340785906 1.860181870896524 1.9592310024365935 1.7537227104828244 0.8224207032548837 -0.6504379403904483 0.6797932475920732 0.8028561244400836 1.4934025435789955 1.743352150985349 2.8165372917647185 0.6999327650608287 0.2613977512291181 0.0444182287485928 
0.43368362109687075 -0.6990175674150543 1.0022611761375682 3.3938731848474206 0.7938837969600381 0.9449845668625994 -0.06460922698294125 0.7155053941681748 0.13119168098516165 0.2536371163113036 0.6095270452863217 1.927930909777377 0.9278491075840957 0.6586946382488721 -0.20119061949520667 1.9965856914492415 1.292525624578833 1.0016074372282358 1.67470520844087 0.9658525399809917 2.4374880139334203 0.05221693251555892 0.7051229031062349 1.342418363211426 1.3330218209110374 1.0334702924963954 1.2579859982965849 -0.016716180630967026 1.3328924712936265 0.8847499147478796 
-0.31090859368824897 1.366371388918507 3.3938731848474206 -0.26800458746641054 0.3174911523551939 2.2780318072941537 0.4754551733675624 0.4482075861037994 2.1442421327118346 -0.4809233458187745 1.6556789748739378 -0.07714311440111143 0.029530135413314618 1.1868632904320193 2.1244382501699324 -0.2565984050804069 1.327306733352812 0.9173807879205106 2.22111987530997 2.0872203425220146 0.9293634774566467 2.5076370879533147 1.7420471666851833 1.9418630941624673 -0.2818178215887488 1.3936108052004093 2.714726158768844 0.4482715526863439 2.122945862287656 1.5593876025842475 
0.4409776822899496 1.5900876903335925 0.7938837969600381 0.3174911523551939 0.0716882824507944 1.7054030252902486 0.9408437913852209 1.1302058583084695 1.830021895090231 1.5877323371420569 0.9604692224482247 1.5492662956598298 1.7387895297313594 0.8240405291053629 0.31756263789531824 1.4060843037681379 -0.08400686749134878 1.5699025858798368 2.2554291809447697 -0.04667598289765307 0.546600499868662 1.1583754325465618 0.8080153757577075 1.7926175664995014 1.885932456797895 1.716775679996885 1.0317759065096348 1.349865321005675 -0.07951529519209521 0.3530132018247407 
0.11202363234061496 0.4881465246794715 0.9449845668625994 2.2780318072941537 1.7054030252902486 0.36398031057261715 0.61917002519838 0.8052173806439085 0.7386667463958323 0.8325077381537564 1.6890119856295942 0.7674938260427132 0.2562003216618598 2.127801804176755 1.841368523804746 0.6472303673825058 1.6691318993977222 1.9203579870740923 0.4500453294812352 0.7731593869762918 1.39548446831704 0.3708736511132428 1.942561030361646 1.86915029551974 1.0823738309175526 -0.35113189682438306 1.6021802936491554 1.6320706929468547 0.7194687528836715 1.485461749584788 
1.7457824934182848 1.4836807941546866 -0.06460922698294125 0.4754551733675624 0.9408437913852209 0.61917002519838 1.6081027971136852 2.1699927916037773 1.8527141169782748 0.7252910955880683 -0.22005596180075315 1.8261893755093546 1.3178484833337687 -0.3823406267838254 0.7093086363608584 0.595664818524875 2.55402596178918 0.2182228176477684 1.0241506543779229 1.1249447379908968 0.5022881605658602 1.9510075897080301 2.0163033330189606 1.549584526196444 0.5492836034052522 1.349901981550584 0.037982994088020305 1.0121610752861647 1.2444693046436954 1.393159623955672 
0.4481124917221463 0.7149366003975035 0.7155053941681748 0.4482075861037994 1.1302058583084695 0.8052173806439085 2.1699927916037773 1.706010031860171 1.6867288356496655 0.5997074411253194 2.0845843883742976 -0.03211937226804529 1.1562974962728592 0.9292931327164758 0.6353809456795513 1.5338209201268151 0.12420431855539349 0.5247476171003709 0.7322197965844792 -0.7937754104267314 0.10460610354474542 0.17283739617506766 0.3221430824960698 0.7875412510411686 2.070551599838959 0.024795306930409655 1.0557395264595295 0.5463507815869549 0.3946251809768109 0.670755233983287 
1.2418733372258215 0.3140633898140489 0.13119168098516165 2.1442421327118346 1.830021895090231 0.7386667463958323 1.8527141169782748 1.6867288356496655 -0.1412285880589781 0.7038423031130356 0.904172074437733 2.4931312685742393 0.661456345080245 1.326369747811364 0.017842151683284513 -0.5090259563168675 3.506420856091203 0.07489525653341 0.5500568503339169 1.9543220880499208 1.0188489092607873 1.6831859468239798 1.1760044564170296 1.4697294923699844 1.15761400612994 0.6802719951888666 0.1261247935170443 0.5170843408281793 0.9298714978045655 1.0105780287210606 
1.194306872330954 0.6489457826710519 0.2536371163113036 -0.4809233458187745 1.5877323371420569 0.8325077381537564 0.7252910955880683 0.5997074411253194 0.7038423031130356 1.2528914616570537 -0.15213066665327069 1.3837475805975121 1.168738424034653 0.5138603104030179 2.099036223355596 1.4698333659106486 -0.2789323868482898 0.7679970391453325 1.675010234375234 1.099837586441302 0.1312373870065302 1.1108439376911114 1.554829723272001 0.08620667120941294 1.5802046109633092 1.7326022357669317 0.28458121247427015 0.3691150505745727 1.8738500067677895 1.1485777760796125 
0.9557728145789826 2.127627581889236 0.6095270452863217 1.6556789748739378 0.9604692224482247 1.6890119856295942 -0.22005596180075315 2.0845843883742976 0.904172074437733 -0.15213066665327069 1.7661020483491972 0.518679291410946 0.8635444136702765 1.0467902751667524 1.7844145430331957 0.9219942157962808 0.9280315791093576 0.6140406871392754 2.1800199047109894 -0.6433848684141148 0.07514356160172442 0.1445732398840791 0.12103495240634476 2.9811210871621268 1.9152685309842683 1.6865484010077467 1.4258994708450106 0.9116042888144955 -0.4192030046946731 1.3212079787105742 
0.36986895207725323 0.5527715254035452 1.927930909777377 -0.07714311440111143 1.5492662956598298 0.7674938260427132 1.8261893755093546 -0.03211937226804529 2.4931312685742393 1.3837475805975121 0.518679291410946 2.3720343423421433 0.6602513200006908 1.5916881671518317 1.6654693606367825 2.1242054112448807 1.0087086178410896 1.5446628241218288 0.731453170644536 1.1735808362743239 0.12269789555130417 0.49196773797635474 1.2076803375401994 1.510358316161395 0.07740388851852431 0.3144979235382308 0.967862534029373 1.0760242797294073 1.270045223924931 -0.46555360065319396 
0.9461386866379335 1.9425832837211203 0.9278491075840957 0.029530135413314618 1.7387895297313594 0.2562003216618598 1.3178484833337687 1.1562974962728592 0.661456345080245 1.168738424034653 0.8635444136702765 0.6602513200006908 1.4158978260055561 1.48561369435595 1.513553290219398 2.0175233326852657 1.5512029026731522 0.8269409490312457 1.253680208706457 0.7145226343393498 -0.2563806677683633 0.674491310898908 0.8798457680098564 0.9474345569730608 1.9464963972324796 0.4897548150641182 1.834412009200951 1.4560402882028403 0.2975953490673684 1.6855546810740147 
0.9090452923056818 1.2150959609047596 0.6586946382488721 1.1868632904320193 0.8240405291053629 2.127801804176755 -0.3823406267838254 0.9292931327164758 1.326369747811364 0.5138603104030179 1.0467902751667524 1.5916881671518317 1.48561369435595 1.2017221544407823 0.46259986843783907 2.087877579000424 0.03826731554279228 1.9584574289796362 0.020488913341264903 -0.21047927948969303 1.9550448418428763 0.9642858049029615 0.39505700637178487 2.8050605408253277 1.9787094798967448 0.17362128027491597 1.1434069185246771 0.04628122405948765 1.7418412820275377 0.09210083323372587 
1.153374855123715 2.2252149715029326 -0.20119061949520667 2.1244382501699324 0.31756263789531824 1.841368523804746 0.7093086363608584 0.6353809456795513 0.017842151683284513 2.099036223355596 1.7844145430331957 1.6654693606367825 1.513553290219398 0.46259986843783907 -0.10172746173819358 1.1275784418166015 0.17460161255351847 2.3982521955188476 1.375344221854374 0.26192284535387245 1.2728473858428264 0.2940820198946511 1.773150376236412 1.0018989596035885 0.5413021537876891 1.4892200814475107 1.23753204067561 0.3085942865364918 1.0588666550869115 2.0750018881624612 
1.6933089782714044 1.728829090101181 1.9965856914492415 -0.2565984050804069 1.4060843037681379 0.6472303673825058 0.595664818524875 1.5338209201268151 -0.5090259563168675 1.4698333659106486 0.9219942157962808 2.1242054112448807 2.0175233326852657 2.087877579000424 1.1275784418166015 0.4478530068247889 2.5619465841430005 0.23232971385050627 0.9889099095584122 1.4097777591116234 1.267389848033453 1.615443981610365 1.6206827899508767 2.47661565406925 1.0523906365833442 0.1273289479113312 0.3063296665792218 0.5570713721202285 2.6502396905808423 2.0837689530766097 
2.057767008086934 0.6786417340785906 1.292525624578833 1.327306733352812 -0.08400686749134878 1.6691318993977222 2.55402596178918 0.12420431855539349 3.506420856091203 -0.2789323868482898 0.9280315791093576 1.0087086178410896 1.5512029026731522 0.03826731554279228 0.17460161255351847 2.5619465841430005 -0.01042978186928778 1.2135596810496154 0.6604092094909655 0.14562678114916205 2.714859135356434 0.3504406109951863 0.9072189728798147 2.2194240476594684 1.799001364093588 0.6660790975077643 0.870146446695564 0.5693764278776143 0.4298324439758592 -0.1525638625670631 
2.1241518199420186 1.860181870896524 1.0016074372282358 0.9173807879205106 1.5699025858798368 1.9203579870740923 0.2182228176477684 0.5247476171003709 0.07489525653341 0.7679970391453325 0.6140406871392754 1.5446628241218288 0.8269409490312457 1.9584574289796362 2.3982521955188476 0.23232971385050627 1.2135596810496154 1.062687144529061 1.4087159283992339 2.458298745334677 1.111073529613228 1.6492166376835329 0.23701033057851428 -0.10641492858876123 1.4855274966834036 0.8932478100528263 1.308883555106453 0.41698668307746856 2.9288885826121582 -0.29693580216204296 
1.2269915913625107 1.9592310024365935 1.67470520844087 2.22111987530997 2.2554291809447697 0.4500453294812352 1.0241506543779229 0.7322197965844792 0.5500568503339169 1.675010234375234 2.1800199047109894 0.731453170644536 1.253680208706457 0.020488913341264903 1.375344221854374 0.9889099095584122 0.6604092094909655 1.4087159283992339 0.858738873762726 1.1581930781932477 -1.6837568480725569 0.4245323455348854 0.5922546612230091 1.6771674680423034 1.230136476268072 1.5232387626886568 1.1114349480252592 -0.8347018166435214 1.0590736788455857 1.4106090408422238 
2.150184490445233 1.7537227104828244 0.9658525399809917 2.0872203425220146 -0.04667598289765307 0.7731593869762918 1.1249447379908968 -0.7937754104267314 1.9543220880499208 1.099837586441302 -0.6433848684141148 1.1735808362743239 0.7145226343393498 -0.21047927948969303 0.26192284535387245 1.4097777591116234 0.14562678114916205 2.458298745334677 1.1581930781932477 -0.8986415212916332 0.5683142902389545 0.2694291389586564 1.3122849953995854 0.9224695589547299 0.5606841182844906 0.4574842323855488 1.70988277837055 1.6878527324061512 2.013053807715398 0.1549540672897849 
0.0622825486053622 0.8224207032548837 2.4374880139334203 0.9293634774566467 0.546600499868662 1.39548446831704 0.5022881605658602 0.10460610354474542 1.0188489092607873 0.1312373870065302 0.07514356160172442 0.12269789555130417 -0.2563806677683633 1.9550448418428763 1.2728473858428264 1.267389848033453 2.714859135356434 1.111073529613228 -1.6837568480725569 0.5683142902389545 0.46724696471515315 0.9540716731096801 2.75441476160248 0.21659528844446985 0.9048073533639537 1.6770092729483232 -0.6055642051397694 0.9806725074352257 1.4540890867751908 1.0634543722543508 
0.9063553862030264 -0.6504379403904483 0.05221693251555892 2.5076370879533147 1.1583754325465618 0.3708736511132428 1.9510075897080301 0.17283739617506766 1.6831859468239798 1.1108439376911114 0.1445732398840791 0.49196773797635474 0.674491310898908 0.9642858049029615 0.2940820198946511 1.615443981610365 0.3504406109951863 1.6492166376835329 0.4245323455348854 0.2694291389586564 0.9540716731096801 1.9472633091279268 0.48548155846540475 1.234373984086902 1.5031749634607339 1.0316542691185655 1.4102348918794236 0.8452706346358115 1.1965183385526692 0.533091619538502 
1.1638729018660834 0.6797932475920732 0.7051229031062349 1.7420471666851833 0.8080153757577075 1.942561030361646 2.0163033330189606 0.3221430824960698 1.1760044564170296 1.554829723272001 0.12103495240634476 1.2076803375401994 0.8798457680098564 0.39505700637178487 1.773150376236412 1.6206827899508767 0.9072189728798147 0.23701033057851428 0.5922546612230091 1.3122849953995854 2.75441476160248 0.48548155846540475 2.2085241411824716 0.7505791977767154 2.410519914417689 1.0829352347500891 0.9594428531225244 0.7302109778521113 1.1448008671563958 2.155931871965839 
0.6801278749733488 0.8028561244400836 1.342418363211426 1.9418630941624673 1.7926175664995014 1.86915029551974 1.549584526196444 0.7875412510411686 1.4697294923699844 0.08620667120941294 2.9811210871621268 1.510358316161395 0.9474345569730608 2.8050605408253277 1.0018989596035885 2.47661565406925 2.2194240476594684 -0.10641492858876123 1.6771674680423034 0.9224695589547299 0.21659528844446985 1.234373984086902 0.7505791977767154 1.530573486650503 0.7228935992023541 0.41758166608022373 0.7263966434803697 3.4558043827726816 1.2797595951022258 0.32024954185261667 
0.21008505266810296 1.4934025435789955 1.3330218209110374 -0.2818178215887488 1.885932456797895 1.0823738309175526 0.5492836034052522 2.070551599838959 1.15761400612994 1.5802046109633092 1.9152685309842683 0.07740388851852431 1.9464963972324796 1.9787094798967448 0.5413021537876891 1.0523906365833442 1.799001364093588 1.4855274966834036 1.230136476268072 0.5606841182844906 0.9048073533639537 1.5031749634607339 2.410519914417689 0.7228935992023541 1.7409963456726973 0.8345496286774609 0.8299054581573163 1.330922113726918 0.85240194197501 0.9081486229745925 
0.24402682288531152 1.743352150985349 1.0334702924963954 1.3936108052004093 1.716775679996885 -0.35113189682438306 1.349901981550584 0.024795306930409655 0.6802719951888666 1.7326022357669317 1.6865484010077467 0.3144979235382308 0.4897548150641182 0.17362128027491597 1.4892200814475107 0.1273289479113312 0.6660790975077643 0.8932478100528263 1.5232387626886568 0.4574842323855488 1.6770092729483232 1.0316542691185655 1.0829352347500891 0.41758166608022373 0.8345496286774609 1.263006436732288 0.9474897986883458 1.3300216839693484 1.350170911865871 0.9939864382579814 
1.526259976058033 2.8165372917647185 1.2579859982965849 2.714726158768844 1.0317759065096348 1.6021802936491554 0.037982994088020305 1.0557395264595295 0.1261247935170443 0.28458121247427015 1.4258994708450106 0.967862534029373 1.834412009200951 1.1434069185246771 1.23753204067561 0.3063296665792218 0.870146446695564 1.308883555106453 1.1114349480252592 1.70988277837055 -0.6055642051397694 1.4102348918794236 0.9594428531225244 0.7263966434803697 0.8299054581573163 0.9474897986883458 0.48981884403434617 0.6602122947531929 0.805181029907486 0.28758005847207 
2.0781457018300618 0.6999327650608287 -0.016716180630967026 0.4482715526863439 1.349865321005675 1.6320706929468547 1.0121610752861647 0.5463507815869549 0.5170843408281793 0.3691150505745727 0.9116042888144955 1.0760242797294073 1.4560402882028403 0.04628122405948765 0.3085942865364918 0.5570713721202285 0.5693764278776143 0.41698668307746856 -0.8347018166435214 1.6878527324061512 0.9806725074352257 0.8452706346358115 0.7302109778521113 3.4558043827726816 1.330922113726918 1.3300216839693484 0.6602122947531929 1.8638836671391517 0.5598695000466701 2.0663157420336455 
1.252494114457988 0.2613977512291181 1.3328924712936265 2.122945862287656 -0.07951529519209521 0.7194687528836715 1.2444693046436954 0.3946251809768109 0.9298714978045655 1.8738500067677895 -0.4192030046946731 1.270045223924931 0.2975953490673684 1.7418412820275377 1.0588666550869115 2.6502396905808423 0.4298324439758592 2.9288885826121582 1.0590736788455857 2.013053807715398 1.4540890867751908 1.1965183385526692 1.1448008671563958 1.2797595951022258 0.85240194197501 1.350170911865871 0.805181029907486 0.5598695000466701 0.20526008695215026 1.376750792625414 
0.6165500219640485 0.0444182287485928 0.8847499147478796 1.5593876025842475 0.3530132018247407 1.485461749584788 1.393159623955672 0.670755233983287 1.0105780287210606 1.1485777760796125 1.3212079787105742 -0.46555360065319396 1.6855546810740147 0.09210083323372587 2.0750018881624612 2.0837689530766097 -0.1525638625670631 -0.29693580216204296 1.4106090408422238 0.1549540672897849 1.0634543722543508 0.533091619538502 2.155931871965839 0.32024954185261667 0.9081486229745925 0.9939864382579814 0.28758005847207 2.0663157420336455 1.376750792625414 0.782579603761169 
30
1.282560230286602 1.8930443915447088 0.30073613725658543 1.1130200927096756 1.2977122695536374 0.8753881825639119 0.24683354126213242 2.6825689644923125 1.190482382300747 0.7725221104167195 0.21748393437810298 0.8558847747390304 1.549969531162379 0.7822509153282822 1.0570810304279268 0.008250084542568592 1.7839854546885405 0.7115011097833003 1.920029987323729 1.319381837632926 1.3213106769777345 1.496894570144452 1.5052583378550652 0.5568688349609017 1.0929724331506196 0.45235315713714297 -0.40788507544609853 1.9837452345389681 0.350788270612691 1.1296457570614462 
1.8930443915447088 0.5282761475869269 1.7787202308092702 0.3717449909484206 0.281431939595035 -1.346983692683799 1.4132681338918607 1.917685113273364 1.0214078786486889 1.2288903905710165 1.762258448251739 0.21214365550751602 1.458631076367395 1.0688325595774282 2.4252384704660477 1.4961952365069948 1.3974606818888637 1.5871849652646097 -0.3489493469209033 1.4328771381326966 1.0157441209471083 1.0621497120443322 2.0206040827319307 0.9641037533016635 0.735461054789021 1.054262756797067 1.1792320116443444 0.29480742218688905 0.10691760062798128 2.9633554828566178 
0.30073613725658543 1.7787202308092702 1.654216258405535 1.4130182419066313 1.124857844990775 0.54418650023773 -0.009071402049372512 2.1619932310866856 2.0570240994554325 -0.803287337691353 1.7840009115475695 0.8283800941916459 0.5872601020248633 0.7148164693684504 1.1373560911020202 0.6107129564307165 2.4472876567594595 -0.1533742710718038 1.0860980132156113 0.6317845470953185 1.0569619181886338 0.85122579357548 1.5853631350469297 1.4775436933991861 1.63954950032304 0.6762731147193004 1.8665406066162418 1.776569937844367 -0.1931116291997408 1.2420533179853517 
1.1130200927096756 0.3717449909484206 1.4130182419066313 2.0953985730952898 0.1477153790605339 1.8750329619475945 0.9313641707239051 1.748760183243928 0.7862012179182593 2.3085411679116663 2.138957084584699 0.9283378030938576 2.8789266666428817 1.0665871058168535 2.2098543318500563 0.14972456664054068 -0.735359726922794 1.7816269531205529 1.0040702320037358 0.39209981435863295 0.49861496692392515 1.77647305231471 0.3675130016773789 1.0870427456541425 1.5758572043697932 -0.5966192405530493 0.09637695438356653 -0.5504924571402083 0.3535424671268226 -0.6720285093176139 
1.2977122695536374 0.281431939595035 1.124857844990775 0.1477153790605339 2.134242058229623 -0.13054506111859943 0.994285279979195 -0.720919385311843 1.0548708102546864 1.4991022799659972 1.7206832203312712 1.6089124974179962 0.45234142842005454 0.6256365431630441 1.2155766525637002 1.465163035266006 -0.3382907911201043 -0.5629632512212273 1.5181252697445071 -0.157083394378573 1.268526620776915 0.9174711222029622 0.702580316822951 0.2152138624133122 0.6150830741426669 0.9827311434568564 0.8747926697721403 1.2438599697535782 1.3117634117776646 0.5665027177950075 
0.8753881825639119 -1.346983692683799 0.54418650023773 1.8750329619475945 -0.13054506111859943 0.92581821124208 1.3194579691930994 0.051712434189884915 -0.4051639701585188 0.6197056433741535 1.0584248476450238 1.215742955920338 0.6272890919321743 1.9165140387321795 2.562294612923507 0.039683634669331225 0.8683525282078612 0.4520809087787271 2.4974461544137005 2.3539081831072477 1.4837241714512708 0.9017746167047735 0.15805059131126253 0.7055457227642907 1.6477470378359644 0.08014452644662684 0.6251143263851768 1.2137424843813438 0.5701146535161115 0.6299721142959993 
0.24683354126213242 1.4132681338918607 -0.009071402049372512 0.9313641707239051 0.994285279979195 1.3194579691930994 1.465475462563556 0.1859416011836158 1.7103948166008305 1.7263048627424777 1.8127314334685032 0.9556325237112513 1.9365046755396764 1.3688041566314633 1.0245586090487435 2.2309766483835456 1.3301213914953425 0.3570212202706947 1.8972614486569965 1.6695279534788787 1.252914213736507 0.3720177144685409 2.100998758150345 0.22291856005725974 1.195773437019486 0.9903520663190096 0.6808465473970662 2.6146483756019183 1.5745402279371232 1.2271666962378638 
2.6825689644923125 1.917685113273364 2.1619932310866856 1.748760183243928 -0.720919385311843 0.051712434189884915 0.1859416011836158 0.6040464614325898 2.55677075568099 2.070705910138434 0.4951532969548008 1.8524520166895768 1.9104727432356197 0.9345634688996353 0.06284145790670814 -0.13361155403947667 1.2126148243057098 1.7767695585726169 1.518259752894307 0.8703462529069964 2.1240344413697354 1.7808942180687777 1.7614449418232123 2.8616404980328474 -0.763118445561733 1.388373894207509 3.0453432108388068 -0.2321927518578517 1.8119456177575517 0.6728404669770768 
1.190482382300747 1.0214078786486889 2.0570240994554325 0.7862012179182593 1.0548708102546864 -0.4051639701585188 1.7103948166008305 2.55677075568099 0.7019734557568176 -0.31779640498490935 1.9995648553141758 1.1370875751626062 1.1969230768996235 1.473490239732174 1.8545581987381126 0.7410114094637827 2.0214931496925397 2.1155358451485555 0.19997376237685027 1.1355577666641437 1.657971902117366 1.2138776603767725 -0.024094332010626385 0.11836910504076592 2.1457460565892816 1.8485574629949784 1.2713252497671736 2.560953416367993 1.0478026076049478 -0.7417878168594367 
